660.872 27.3103
661.152 26.2789
661.433 26.3202
661.713 26.5643
661.994 26.7115
662.274 26.5631
662.555 26.4198
662.835 26.0037
663.115 26.0719
663.396 25.8877
663.676 25.6755
663.957 25.9934
664.237 26.1913
664.518 26.1461
664.798 26.3225
665.079 26.2079
665.359 26.1078
665.64 26.0193
665.92 25.9577
666.201 25.9182
666.481 25.9111
666.762 25.9337
667.042 25.9764
667.322 26.0421
667.603 26.1431
667.883 26.2849
668.164 26.4741
668.444 26.6956
668.725 26.9069
669.005 27.0911
669.286 27.2521
669.566 27.4002
669.847 27.5468
670.127 27.6949
670.408 27.8424
670.688 27.9837
670.969 28.1172
671.249 28.2489
671.53 28.3863
671.81 28.5394
672.09 28.7052
672.371 28.8794
672.651 29.0573
672.932 29.2304
673.212 29.3896
673.493 29.5312
673.773 29.6563
674.054 29.767
674.334 29.8659
674.615 29.9561
674.895 30.0445
675.176 30.132
675.456 30.2195
675.737 30.304
676.017 30.3847
676.297 30.4621
676.578 30.5363
676.858 30.6137
677.139 30.7004
677.419 30.7907
677.7 30.8704
677.98 30.9209
678.261 30.8834
678.541 30.7439
678.822 30.6109
679.102 30.4869
679.383 30.4277
679.663 30.3871
679.944 30.3247
680.224 30.2762
680.505 30.2516
680.785 30.2475
681.065 30.2635
681.346 30.2864
681.626 30.2842
681.907 30.1732
682.187 29.9759
682.468 29.904
682.748 29.9218
683.029 29.9597
683.309 29.9934
683.59 29.9976
683.87 29.9737
684.151 29.9561
684.431 29.9337
684.712 29.8967
684.992 29.8784
685.272 29.8621
685.553 29.8006
685.833 29.6352
686.114 29.2523
686.394 28.4354
686.675 27.0987
686.955 25.5922
687.236 24.6245
687.516 24.6411
687.797 25.4485
688.077 26.4414
688.358 27.2315
688.638 27.5276
688.919 27.4185
689.199 27.2259
689.48 27.1729
689.76 27.3189
690.04 27.57
690.321 27.7605
690.601 27.8734
690.882 28.0395
691.162 28.3258
691.443 28.6837
691.723 28.8964
692.004 28.87
692.284 28.6495
692.565 25.1483
692.845 28.6339
693.126 28.1623
693.406 29.6728
693.687 29.3353
693.967 28.9901
694.247 26.0942
694.528 27.3752
694.808 28.7694
695.089 26.0938
695.369 28.8093
695.65 29.7746
695.93 29.1258
696.211 28.9214
696.491 32.8678
