534.112 14.3499
534.331 15.053
534.549 14.9138
534.768 15.1324
534.987 15.2186
535.206 15.2118
535.424 15.3955
535.643 15.4143
535.862 15.4631
536.081 15.5412
536.299 15.388
536.518 15.4375
536.737 15.4147
536.956 15.326
537.174 15.3365
537.393 15.3651
537.612 15.4095
537.831 15.4606
538.049 15.5421
538.268 15.6363
538.487 15.7261
538.706 15.7957
538.924 15.8332
539.143 15.8348
539.362 15.807
539.581 15.7624
539.799 15.7156
540.018 15.6764
540.237 15.6489
540.456 15.6393
540.674 15.6601
540.893 15.7229
541.112 15.8267
541.331 15.9553
541.549 16.0842
541.768 16.1893
541.987 16.2527
542.206 16.2678
542.424 16.2388
542.643 16.1754
542.862 16.0889
543.081 15.9923
543.299 15.8984
543.518 15.8213
543.737 15.7782
543.956 15.7846
544.174 15.8431
544.393 15.9403
544.612 16.0552
544.831 16.1688
545.049 16.2692
545.268 16.3502
545.487 16.41
545.706 16.4534
545.924 16.4913
546.143 16.5327
546.362 16.5814
546.581 16.6372
546.799 16.6979
547.018 16.7619
547.237 16.8286
547.456 16.8993
547.674 16.9762
547.893 17.0613
548.112 17.1547
548.331 17.254
548.549 17.3545
548.768 17.452
548.987 17.5435
549.206 17.6253
549.424 17.6917
549.643 17.7359
549.862 17.7521
550.081 17.7403
550.299 17.7081
550.518 17.6681
550.737 17.6305
550.956 17.6036
551.174 17.6003
551.393 17.6279
551.612 17.6789
551.831 17.7418
552.049 17.8049
552.268 17.8604
552.487 17.906
552.706 17.9424
552.924 17.9686
553.143 17.9869
553.362 18.007
553.581 18.0307
553.799 18.0556
554.018 17.9938
554.237 17.3324
554.456 16.1812
554.674 15.6911
554.893 15.6356
555.112 15.6189
555.331 15.5769
555.549 15.5078
555.768 15.4205
555.987 15.3189
556.206 15.2031
556.424 15.0759
556.643 14.9453
556.862 14.8165
557.081 14.6946
557.299 14.5874
557.518 14.4928
557.737 14.4051
557.956 14.3232
558.174 14.3031
558.393 14.7467
558.612 15.9482
558.831 16.4117
559.049 16.3718
559.268 16.4026
559.487 16.4463
559.706 16.3981
559.924 16.4013
560.143 16.388
560.362 16.5279
560.581 16.3235
560.799 16.7338
561.018 16.8313
561.237 16.8607
561.456 16.9041
561.674 16.9164
561.893 17.5969
