821.504 42.4144
822.436 37.6631
823.369 29.6179
824.302 39.7024
825.235 42.866
826.168 38.3698
827.101 38.7846
828.033 27.5924
828.966 28.6341
829.899 28.6432
830.832 34.4942
831.765 36.3602
832.697 38.2356
833.63 30.7489
834.563 26.1494
835.496 28.0178
836.429 32.9923
837.361 34.871
838.294 35.6101
839.227 36.2367
840.16 36.979
841.093 37.8348
842.026 38.7303
842.958 39.7045
843.891 40.8064
844.824 41.9045
845.757 42.7165
846.69 42.9646
847.622 42.6798
848.555 42.0958
849.488 41.6712
850.421 41.4806
851.354 41.0874
852.286 40.4311
853.219 39.8109
854.152 39.7017
855.085 40.3703
856.018 41.6086
856.951 42.6831
857.883 43.4839
858.816 44.0887
859.749 44.2486
860.682 43.9899
861.615 43.4515
862.547 42.9211
863.48 42.3044
864.413 41.6892
865.346 41.3307
866.279 41.3214
867.211 41.2525
868.144 40.8155
869.077 40.6908
870.01 40.9602
870.943 41.1497
871.876 41.0224
872.808 40.6394
873.741 40.0328
874.674 39.6242
875.607 39.3284
876.54 39.0001
877.472 38.6189
878.405 38.5298
879.338 38.5719
880.271 38.5825
881.204 38.6532
882.136 39.0278
883.069 39.441
884.002 39.6014
884.935 39.4682
885.868 39.1501
886.801 38.9508
887.733 38.9455
888.666 39.0764
889.599 39.2451
890.532 39.277
891.465 39.216
892.397 39.1065
893.33 38.6671
894.263 37.6417
895.196 36.0177
896.129 34.0791
897.061 32.2137
897.994 30.9447
898.927 30.6759
899.86 30.9401
900.793 31.5322
901.726 32.7413
902.658 34.6372
903.591 36.7019
904.524 38.2724
905.457 38.4143
906.39 37.4421
907.322 36.3395
908.255 36.0056
909.188 36.1117
910.121 36.5208
911.054 37.0882
911.986 37.7292
912.919 37.9215
913.852 37.9048
914.785 37.9049
915.718 37.761
916.651 37.9083
917.583 38.9287
918.516 40.9468
919.449 43.3157
920.382 45.1317
921.315 45.9979
922.247 45.5707
923.18 44.1639
924.113 42.956
925.046 42.5155
925.979 43.4368
926.911 47.4703
927.844 38.3947
928.777 38.0912
929.71 29.5119
930.643 19.5925
931.576 11.6202
932.508 10.3089
933.441 13.7343
934.374 8.66815
935.307 23.6419
936.24 18.9089
937.172 5.2699
938.105 6.28325
939.038 19.6839
939.971 31.6697
