612.216 20.3501
612.44 19.3321
612.663 19.2702
612.887 19.3479
613.11 19.3983
613.334 19.2812
613.557 19.2778
613.781 19.1848
614.004 19.1324
614.227 19.1307
614.451 19.2944
614.674 19.3093
614.898 19.3886
615.121 19.4778
615.345 19.2668
615.568 19.31
615.791 19.1349
616.015 19.0417
616.238 18.988
616.462 18.9739
616.685 18.9971
616.909 19.0529
617.132 19.1458
617.356 19.2615
617.579 19.38
617.802 19.4879
618.026 19.5812
618.249 19.6534
618.473 19.6989
618.696 19.7188
618.92 19.7423
619.143 19.775
619.366 19.8053
619.59 19.8254
619.813 19.8187
620.037 19.7591
620.26 19.6619
620.484 19.5737
620.707 19.4808
620.931 19.3794
621.154 19.2674
621.377 19.1536
621.601 19.0568
621.824 18.9772
622.048 18.9078
622.271 18.8217
622.495 18.7087
622.718 18.6097
622.941 18.5171
623.165 18.419
623.388 18.3336
623.612 18.2675
623.835 18.2174
624.059 18.1883
624.282 18.1802
624.506 18.1718
624.729 18.1641
624.952 18.1583
625.176 18.1358
625.399 18.0933
625.623 18.0881
625.846 18.1307
626.07 18.185
626.293 18.1194
626.516 17.6154
626.74 16.8254
626.963 16.482
627.187 16.4129
627.41 16.3764
627.634 16.3131
627.857 16.2189
628.081 16.1884
628.304 16.2649
628.527 16.3911
628.751 16.4942
628.974 16.5413
629.198 16.5322
629.421 16.4823
629.645 16.4347
629.868 16.4481
630.091 16.482
630.315 16.5215
630.538 16.5697
630.762 16.6032
630.985 16.6085
631.209 16.5816
631.432 16.527
631.656 16.4721
631.879 16.441
632.102 16.435
632.326 16.4468
632.549 16.4766
632.773 16.4227
632.996 16.2231
633.22 16.0981
633.443 16.0689
633.666 16.1442
633.89 16.5826
634.113 17.4275
634.337 17.898
634.56 17.9998
634.784 18.0153
635.007 17.9894
635.231 17.9408
635.454 17.8847
635.677 17.8223
635.901 17.763
636.124 17.722
636.348 17.6952
636.571 17.6894
636.795 17.7468
637.018 18.0116
637.241 18.4007
637.465 18.7235
637.688 18.7116
637.912 18.5539
638.135 18.36
638.359 18.4045
638.582 18.2851
638.806 17.9435
639.029 18.1251
639.252 18.2063
639.476 18.1325
639.699 18.096
639.923 17.9099
640.146 17.8492
640.37 17.884
640.593 18.4896
