631.097 15.5265
631.404 15.303
631.711 15.4944
632.019 15.6551
632.326 15.8288
632.633 16.004
632.94 15.7277
633.247 15.1187
633.554 15.9712
633.861 16.842
634.168 17.0618
634.475 17.1102
634.782 17.1511
635.089 17.2004
635.396 16.9498
635.703 16.6932
636.01 16.7977
636.317 17.0847
636.624 17.2965
636.931 17.5182
637.238 17.7542
637.545 17.9939
637.852 18.2165
638.159 18.4315
638.466 18.6447
638.773 18.8131
639.08 18.941
639.387 19.0504
639.694 19.1508
640.001 19.2493
640.308 19.3512
640.615 19.4615
640.922 19.5888
641.229 19.7299
641.536 19.9698
641.844 20.333
642.151 20.5634
642.458 20.6647
642.765 20.7509
643.072 20.8374
643.379 20.9279
643.686 21.0166
643.993 21.0955
644.3 21.1533
644.607 21.1878
644.914 21.1766
645.221 21.1165
645.528 21.0675
645.835 21.0212
646.142 20.9843
646.449 20.9616
646.756 20.9468
647.063 20.9341
647.37 20.9319
647.677 20.9746
647.984 21.0629
648.291 21.1516
648.598 21.2283
648.905 21.3636
649.212 21.5618
649.519 21.8281
649.826 22.1982
650.133 22.6432
650.44 23.0414
650.747 23.3039
651.054 23.4735
651.361 23.5817
651.669 23.7235
651.976 24.0197
652.283 24.4594
652.59 24.9066
652.897 25.2175
653.204 25.4326
653.511 25.6002
653.818 25.734
654.125 25.8143
654.432 25.815
654.739 25.75
655.046 25.6757
655.353 25.6167
655.66 25.5143
655.967 25.4082
656.274 25.3506
656.581 25.393
656.888 25.5332
657.195 25.7165
657.502 25.9056
657.809 26.0623
658.116 26.1624
658.423 26.2151
658.73 26.2336
659.037 26.1921
659.344 26.1151
659.651 26.0349
659.958 25.9602
660.265 25.907
660.572 25.9153
660.879 25.981
661.186 26.0116
661.494 26.0114
661.801 26.0177
662.108 26.029
662.415 26.0543
662.722 26.1098
663.029 26.2158
663.336 26.3325
663.643 26.4781
663.95 26.6783
664.257 26.9293
664.564 27.2179
664.871 27.5231
665.178 27.7923
665.485 28.0871
665.792 28.1752
666.099 28.2349
666.406 28.0138
666.713 28.0716
667.02 28.1536
667.327 28.1361
667.634 28.2592
667.941 28.4167
668.248 28.1864
668.555 27.8575
668.862 27.4492
669.169 27.0207
669.476 26.4878
669.783 26.0844
670.09 26.4427
