7914.854	152.307
7922.060	151.584
7923.865	151.584
7926.573	151.480
7929.280	151.377
7931.085	151.274
7932.891	151.171
7933.793	150.964
7935.598	150.757
7936.501	150.654
7937.403	150.447
7937.403	150.552
7939.383	150.552
7945.148	150.552
7946.050	150.552
7952.543	150.552
7953.446	150.552
7954.348	150.552
7955.250	150.552
7956.153	150.552
7957.056	150.762
7957.958	150.762
7958.861	150.762
7969.808	150.991
7971.613	150.991
7972.516	150.991
7973.418	150.991
7977.029	150.991
7978.833	150.991
7979.736	150.991
7980.639	150.991
7982.444	150.991
7983.347	150.887
7987.859	150.681
7988.762	150.681
7993.275	150.681
7996.885	150.577
7998.690	150.371
8003.290	150.148
8005.095	149.838
8005.998	149.734
8006.900	149.839
8010.686	149.944
8013.393	149.944
8015.373	149.944
8023.263	149.831
8025.243	149.831
8030.658	149.728
8035.171	149.624
8037.878	149.624
8044.371	149.521
8046.176	149.521
8047.079	149.521
8051.592	149.628
8054.299	149.628
8055.202	149.525
8057.895	149.318
8057.895	149.215
8057.910	149.421
8059.875	149.215
8064.562	149.008
8065.465	148.905
8071.055	148.813
8071.055	148.710
8071.055	148.815
8072.860	148.815
8074.665	148.712
8079.353	148.505
8080.255	148.505
8084.928	148.175
8085.831	148.177
8087.636	148.073
8088.495	147.973
8088.539	147.970
8089.383	147.973
8089.397	147.973
8091.363	147.973
8094.973	147.664
8094.973	147.560
8097.681	147.457
8098.583	147.147
8100.388	146.942
8101.291	146.632
8102.179	146.529
8102.193	146.529
8103.082	146.529
8107.187	146.654
8108.089	146.759
8112.194	147.092
8114.000	147.092
8114.902	147.092
8118.498	147.094
8118.512	147.092
8119.386	147.094
8119.400	147.094
8120.288	147.094
8124.146	146.766
8125.048	146.662
8126.854	146.559
8126.854	146.456
8127.712	145.180
8127.727	145.943
8127.742	146.354
8127.756	146.456
8128.601	145.076
8128.601	144.973
8128.644	146.148
8130.391	144.766
8131.293	144.663
8133.099	144.353
8133.099	144.023
8133.099	143.920
8134.904	143.920
8135.806	143.920
8138.514	143.612
8141.382	143.615
8141.396	143.614
8142.299	143.510
8142.372	143.389
8144.177	142.975
8146.157	142.749
8149.767	142.129
8153.464	141.489
8153.464	141.594
8155.255	141.388
8155.255	141.284
8157.963	140.871
8159.753	140.771
8159.768	140.770
8159.768	140.875
8160.656	140.565
8161.559	140.461
8162.461	140.461
8164.251	140.358
8165.154	140.255
8172.812	139.482
8173.699	139.069
8174.602	139.069
8179.916	138.392
8181.721	138.289
8181.721	138.394
8193.978	139.192
8202.610	140.365
8202.610	140.262
8202.610	140.162
8202.610	140.040
8202.610	139.937
8211.214	143.450
8214.780	142.212
8221.156	140.956
8221.186	141.058
8221.186	141.163
8222.088	141.163
8222.962	140.440
8223.864	140.027
8223.864	139.923
8224.767	139.820
8225.669	139.180
8231.565	135.110
8241.261	139.813
8247.738	141.086
8248.626	141.611
8248.626	141.823
8248.626	141.928
8248.626	142.137
8248.626	142.242
8249.515	142.454
8249.529	142.242
8249.529	142.452
8249.544	141.506
8250.417	142.454
8253.125	142.351
8254.027	142.247
8260.520	142.136
8263.228	142.033
8264.130	142.137
8265.032	142.137
8272.603	142.137
8272.603	142.242
8273.505	142.242
8275.397	141.809
8275.397	141.706
8277.202	141.190
8277.202	141.086
8277.202	140.571
8277.202	140.676
8279.008	140.263
8279.910	140.160
8280.798	139.935
8280.798	139.832
8281.701	139.627
8286.214	139.524
8287.116	139.420
8288.893	139.007
8289.810	139.007
8293.405	138.697
8293.405	138.594
8294.293	138.594
8294.293	138.699
8294.308	138.594
8295.195	138.699
8297.889	138.699
8301.499	138.699
8305.284	138.699
8310.146	138.699
8313.756	138.699
8314.659	138.596
8320.249	138.379
8322.229	138.379
8327.818	138.059
8330.672	137.854
8331.574	137.544
8333.380	137.133
8333.380	137.030
8334.282	136.926
8336.087	136.616
8336.087	136.513
8336.087	136.205
8336.990	136.102
8341.838	136.093
8343.817	136.093
8346.859	136.426
8347.646	137.393
8347.646	137.498
8347.646	137.499
8347.660	136.971
8347.660	137.181
8348.549	137.499
8348.563	137.286
8350.354	137.499
8357.924	137.604
8358.826	137.604
8367.619	137.833
8369.599	137.948
8371.389	137.949
8372.292	137.949
8380.182	137.828
8381.084	137.828
8385.771	137.611
8385.771	137.716
8386.675	137.821
8392.265	137.926
8399.092	138.146
8399.994	138.042
8399.994	138.147
8400.009	138.041
8408.060	137.634
8411.888	136.112
8411.888	136.113
8412.790	136.113
8413.693	136.113
8417.303	136.113
8418.206	136.113
8419.996	136.010
8420.011	136.113
8420.011	136.010
8428.644	136.010
8433.156	136.115
8434.059	136.115
8438.746	136.220
8440.727	136.220
8444.511	136.220
8445.414	136.220
8449.927	136.220
8453.536	136.536
8454.439	136.536
8455.342	136.641
8457.146	136.746
8458.035	136.851
8458.938	136.851
8464.353	136.748
8467.963	136.543
8468.865	136.440
8474.456	136.440
8483.714	136.440
8484.617	136.545
8485.505	136.545
8485.505	136.650
8486.393	136.030
8486.407	136.546
8487.295	136.030
8488.184	135.513
8489.086	135.410
8489.101	135.513
8489.988	135.307
8490.891	134.997
8490.891	134.894
8490.891	134.687
8491.794	134.584
8491.794	134.481
8491.794	134.377
8491.794	134.067
8491.794	133.964
8491.794	133.448
8491.794	133.344
8491.794	133.241
8493.584	130.612
8496.933	129.034
8501.066	128.590
8501.969	128.281
8502.857	128.281
8502.857	128.386
8502.857	128.283
8502.857	128.076
8504.647	128.078
8507.472	132.321
8511.970	133.111
8512.873	133.216
8513.775	133.216
8516.482	133.009
8516.482	133.115
8522.073	133.115
8522.946	133.115
8522.946	133.011
8522.976	133.115
8523.834	132.910
8523.834	132.806
8523.849	133.011
8523.849	133.013
8532.292	131.553
8536.849	128.318
8541.260	118.517
8546.675	118.414
8547.577	118.414
8548.480	118.414
8549.659	128.170
8551.959	131.397
8560.067	132.341
8561.858	132.656
8562.761	132.761
8566.356	132.971
8566.371	132.971
8567.259	132.971
8567.273	132.971
8570.869	133.076
8572.675	133.076
8581.321	132.975
8583.302	132.975
8585.994	132.978
8586.009	133.079
8586.897	132.875
8586.897	132.771
8586.912	132.976
8589.604	132.668
8590.508	132.668
8597.000	132.142
8597.902	132.142
8598.805	132.142
8599.693	132.142
8599.693	132.038
8599.708	132.142
8601.498	132.038
8602.400	132.038
8610.203	131.259
8611.106	131.259
8611.106	131.155
8612.009	131.260
8617.919	131.349
8621.602	131.578
8621.616	131.577
8622.505	131.683
8622.505	131.788
8623.407	131.788
8626.115	131.893
8629.725	132.208
8632.593	132.418
8633.495	132.418
8635.301	132.418
8639.988	132.418
8648.810	132.418
8648.810	132.315
8649.698	132.108
8650.601	131.800
8653.308	131.264
8653.308	130.747
8653.308	130.644
8653.308	130.540
8654.211	130.231
8654.211	130.127
8655.113	129.716
8656.016	129.303
8656.016	129.199
8656.918	128.786
8657.807	127.548
8657.821	128.581
8658.315	120.483
8658.694	126.412
8658.694	126.414
8658.709	126.825
8658.709	126.722
8658.724	128.478
8658.724	128.375
8658.724	128.065
8658.724	127.962
8660.106	119.350
8660.106	119.455
8661.009	119.455
8661.911	119.455
8661.911	119.560
8661.911	119.457
8662.814	119.457
8663.717	119.457
8664.619	119.457
8665.521	119.457
8666.424	119.457
8672.335	126.254
8675.945	127.742
8675.945	127.847
8678.973	128.635
8680.952	128.863
8685.466	129.178
8685.466	129.283
8685.466	129.388
8685.466	129.493
8686.368	129.493
8687.271	129.598
8688.173	129.494
8688.173	129.599
8688.173	129.809
8688.173	130.124
8688.173	130.229
8688.173	130.126
8689.075	130.231
8694.666	130.441
8695.568	130.441
8700.416	130.546
8700.431	130.546
8701.333	130.546
8706.006	130.442
8706.908	130.442
8709.602	130.339
8715.366	130.029
8716.269	129.926
8718.977	129.927
8718.977	129.824
8718.977	129.721
8724.566	129.514
8725.469	129.514
8729.064	129.413
8729.064	129.309
8729.064	129.414
8733.738	129.208
8733.752	129.311
8735.543	129.209
8735.543	129.106
8741.308	128.683
8742.210	128.580
8749.038	128.355
8749.052	128.353
8749.955	128.353
8751.018	128.355
8753.886	128.148
8753.899	128.251
8754.803	128.251
8756.593	127.942
8757.495	127.942
8759.286	127.735
8760.188	127.735
8773.407	127.144
8774.295	127.144
8774.310	127.144
8775.197	127.040
8777.905	127.040
8781.676	127.040
8781.676	127.145
8781.676	127.250
8787.513	127.007
8789.318	126.492
8790.206	126.286
8790.206	126.182
8791.108	125.872
8791.123	126.389
8797.863	125.203
8798.766	125.203
8806.685	122.649
8813.163	122.650
8817.138	126.207
8827.764	126.207
8830.035	126.207
8841.798	126.207
8842.787	126.207
8846.747	126.094
8848.494	126.094
8848.494	125.996
8850.343	125.789
8851.333	125.676
8855.220	125.344
8856.209	125.141
8856.209	125.043
8856.209	124.946
8856.209	124.946
8858.131	124.213
8858.131	124.118
8861.101	123.560
8864.915	123.115
8865.773	123.017
8866.618	123.017
8868.394	122.904
8869.282	122.802
8870.141	122.802
8870.985	122.802
8873.810	122.802
8874.697	122.802
8881.189	122.802
8882.180	122.802
8883.984	122.802
8883.984	122.904
8884.975	122.904
8885.819	122.904
8887.668	122.904
8888.527	122.904
8889.444	122.904
8893.186	122.790
8896.999	122.564
8897.989	122.564
8899.766	122.564
8899.766	122.459
8900.609	122.459
8905.486	122.127
8910.363	121.796
8911.280	121.691
8915.094	121.359
8919.825	121.036
8924.557	120.721
8928.269	120.401
8932.010	120.191
8933.000	120.191
8933.000	120.078
8937.877	119.860
8941.516	119.653
8946.232	119.323
8947.223	119.323
8952.026	119.000
8954.748	118.895
8954.748	118.794
8961.532	117.839
8961.532	117.744
8961.532	116.958
8964.502	116.286
8967.472	115.493
8967.472	115.388
8970.441	114.709
8971.358	114.280
8973.135	114.077
8976.104	113.632
8977.094	113.519
8979.001	113.094
8981.825	112.553
8981.825	112.439
8983.732	112.213
8984.592	112.213
8986.440	111.908
8987.357	111.908
8991.710	109.289
8993.486	109.289
8997.169	109.289
8999.032	109.186
9001.900	108.751
9001.900	108.866
9002.832	108.651
9002.832	108.751
9003.690	108.244
9003.690	108.448
9003.690	108.651
9004.564	108.145
9005.438	108.145
9006.311	108.145
9007.170	108.145
9008.058	108.258
9013.080	108.371
9014.085	108.484
9026.240	108.728
9027.943	108.728
9034.174	113.414
9034.174	113.511
9034.174	114.069
9034.174	114.175
9035.164	114.734
9036.153	114.734
9037.070	115.062
9037.070	115.160
9039.968	115.595
9040.855	115.698
9041.772	115.913
9044.597	116.356
9044.597	116.471
9045.514	116.799
9046.358	116.799
9048.105	116.799
9049.910	116.799
9051.687	116.799
9052.545	116.799
9053.390	116.799
9054.248	116.601
9055.238	116.388
9056.126	115.978
9057.043	115.655
9058.033	115.655
9059.023	115.227
9059.023	115.127
9059.882	115.028
9061.862	114.485
9062.779	114.275
9062.779	114.077
9064.687	113.656
9066.666	112.749
9066.666	112.636
9067.656	111.843
9067.656	111.730
9067.656	110.945
9067.656	110.634
9067.656	110.535
9069.505	109.977
9069.505	109.717
9071.484	108.778
9071.484	108.664
9072.373	108.458
9072.373	108.361
9075.342	107.455
9075.342	107.341
9077.322	106.662
9078.312	106.452
9079.156	106.242
9080.146	106.129
9084.105	105.449
9085.096	105.336
9085.096	105.222
9085.983	105.121
9086.828	105.121
9090.715	104.676
9092.491	104.676
9093.379	104.676
9096.102	104.676
9098.853	104.676
9102.492	104.676
9104.326	104.897
9105.316	105.329
9106.306	105.329
9107.180	105.662
9107.180	105.762
9108.023	105.762
9109.814	105.762
9110.658	105.762
9116.452	105.762
9117.442	105.762
9119.232	105.762
9119.232	105.666
9121.999	105.451
9122.988	105.451
9126.803	105.232
9127.690	105.031
9127.690	104.719
9127.690	104.519
9128.681	104.519
9129.671	104.083
9129.671	103.775
9130.559	103.560
9130.559	103.455
9132.466	103.123
9132.466	103.027
9135.333	102.593
9135.333	102.480
9138.230	101.922
9139.220	101.922
9143.034	101.486
9144.024	101.486
9145.888	101.381
9149.526	101.276
9152.205	101.276
9153.064	101.497
9153.064	101.599
9154.797	100.563
9161.726	100.766
9167.462	101.905
9175.002	100.123
9184.494	100.991
9190.797	102.605
9194.393	103.132
9195.295	103.341
9195.295	103.446
9195.295	103.656
9195.295	103.971
9195.295	103.868
9199.809	103.868
9202.516	103.765
9205.224	103.661
9205.224	103.558
9207.960	103.125
9213.375	102.092
9221.033	101.216
9229.505	100.886
9232.213	100.782
9233.115	100.782
9234.921	100.679
9236.726	100.576
9236.726	100.349
9240.336	100.039
9241.209	99.833
9241.209	99.730
9241.238	100.039
9243.902	99.213
9244.791	98.800
9244.791	98.697
9244.805	99.110
9247.673	97.954
9251.269	97.955
9252.186	97.955
9253.977	97.749
9255.781	97.336
9255.781	97.337
9258.475	97.552
9258.489	97.027
9259.392	97.027
9260.279	97.972
9263.875	97.972
9265.666	98.077
9266.568	98.077
9266.583	97.972
9270.179	97.975
9271.081	97.975
9272.887	97.975
9273.789	97.975
9274.677	97.975
9274.677	97.872
9275.579	97.872
9275.594	97.975
9276.482	97.356
9278.287	96.942
9278.287	96.839
9279.189	96.737
9279.189	96.634
9279.189	96.531
9280.078	96.324
9280.995	96.324
9283.688	96.014
9286.469	95.686
9290.166	95.253
9290.166	95.150
9293.951	94.933
9294.839	94.108
9294.854	94.933
9294.854	94.830
9294.854	94.728
9294.854	94.522
9294.854	94.108
9296.645	93.572
9296.645	93.469
9297.518	92.126
9297.518	91.609
9297.547	93.056
9298.420	91.609
9298.435	92.126
9298.449	92.539
9298.449	92.436
9299.322	91.093
9299.322	90.990
9300.342	89.282
9300.386	90.417
9300.386	90.210
9300.386	90.107
9301.244	88.869
9301.244	88.974
9301.244	88.871
9301.259	89.385
9301.273	89.799
9302.190	89.799
9303.050	88.561
9303.952	88.457
9305.757	88.148
9306.659	87.941
9306.659	87.838
9307.562	87.631
9307.562	87.528
9307.562	87.425
9307.562	87.321
9308.465	86.805
9310.270	86.185
9311.172	85.339
9315.846	84.699
9315.846	84.596
9315.846	84.079
9315.846	83.978
9315.846	83.874
9315.846	83.668
9315.846	83.461
9315.846	83.358
9315.846	83.255
9315.846	82.738
9315.846	82.635
9316.748	82.222
9316.748	82.118
9317.650	81.602
9318.553	81.292
9320.344	78.675
9321.566	80.224
9323.051	77.848
9331.945	75.486
9331.945	75.383
9332.878	76.209
9332.878	75.796
9332.878	75.693
9332.878	75.589
9332.892	76.622
9333.751	74.970
9333.751	74.763
9333.751	74.660
9333.751	74.247
9334.624	72.782
9334.639	73.607
9335.527	72.369
9335.541	73.402
9335.541	73.299
9337.420	71.276
9337.420	71.173
9337.420	70.533
9338.220	70.100
9339.123	69.997
9342.005	69.234
9343.811	68.820
9343.811	68.717
9346.518	68.407
9352.370	68.762
9353.491	68.124
9358.470	69.232
9363.535	69.840
9364.176	68.472
9364.424	69.945
9364.424	69.842
9365.326	69.842
9366.229	69.842
9367.116	70.156
9367.131	69.947
9373.959	69.297
9378.413	71.874
9383.042	74.643
9394.601	88.309
9397.309	90.747
9402.681	89.527
9405.373	87.113
9405.388	87.836
9405.388	87.733
9405.388	87.629
9405.388	87.526
9411.226	86.360
9413.934	85.720
9413.934	85.617
9414.908	84.667
9414.908	84.564
9414.923	84.977
9414.923	84.874
9415.811	84.254
9415.811	84.151
9415.811	84.048
9415.811	83.408
9416.699	81.342
9416.714	82.891
9416.714	82.478
9417.602	80.336
9417.616	81.858
9417.616	81.445
9419.393	79.819
9419.393	79.408
9419.393	79.304
9420.295	78.788
9421.197	78.788
9424.793	78.150
9424.793	77.945
9424.793	77.842
9424.808	78.045
9425.681	77.429
9426.584	77.119
9428.389	76.602
9428.389	76.604
9429.291	76.501
9429.291	75.966
9430.165	74.215
9430.165	73.905
9430.180	74.831
9430.180	74.730
9430.180	74.626
9430.180	74.731
9430.180	74.628
9430.180	74.525
9430.180	74.421
9430.193	75.864
9430.193	75.348
9430.193	75.244
9431.067	72.935
9431.839	72.092
9431.839	72.722
9431.839	72.827
9431.839	72.932
9431.839	72.829
9431.854	72.297
9431.970	72.935
9432.756	71.987
9432.771	72.504
9432.771	72.401
9434.532	72.934
9435.435	72.934
9436.322	72.729
9436.337	72.830
9436.337	72.727
9437.225	72.524
9437.240	72.624
9438.113	71.181
9438.113	70.871
9438.113	70.768
9438.113	70.665
9438.128	71.904
9438.128	71.594
9438.128	71.388
9439.016	70.355
9439.016	70.251
9439.918	69.942
9439.918	69.838
9441.724	69.632
9446.323	69.200
9447.212	69.645
9447.212	70.065
9447.212	70.170
9447.226	68.787
9448.114	70.380
9448.129	68.787
9448.129	68.892
9449.002	70.800
9449.017	70.380
9449.904	70.906
9449.904	71.011
9449.904	71.326
9449.904	71.431
9449.904	71.746
9449.904	71.956
9452.612	72.376
9453.515	72.376
9454.490	72.919
9454.490	73.024
9455.378	73.339
9455.378	73.548
9455.378	73.968
9455.393	73.129
9456.281	73.865
9460.881	73.019
9464.666	72.595
9464.666	72.492
9466.471	71.976
9466.471	71.872
9467.373	71.563
9468.276	71.563
9468.276	71.459
9468.276	72.002
9468.276	72.860
9469.179	73.508
9469.179	73.613
9470.066	74.243
9470.955	75.101
9471.857	75.101
9471.857	74.998
9472.760	74.998
9473.662	74.998
9477.272	74.793
9479.063	74.793
9479.063	74.690
9479.077	74.793
9480.868	74.276
9481.771	74.381
9481.771	74.486
9485.381	74.591
9486.283	74.591
9488.074	74.696
9489.879	75.116
9490.782	75.221
9490.782	75.326
9490.782	75.641
9490.782	75.538
9495.470	74.671
9496.372	73.825
9497.274	73.827
9497.274	73.620
9497.274	73.413
9500.885	72.897
9500.885	72.794
9500.885	72.690
9501.758	72.374
9501.758	72.479
9502.675	72.476
9502.675	72.372
9504.553	73.707
9505.456	73.707
9509.052	74.231
9509.954	74.231
9510.216	74.930
9510.856	74.231
9511.891	76.016
9511.891	76.331
9511.891	76.436
9512.793	76.436
9513.725	75.596
9513.725	75.701
9514.642	74.336
9514.642	74.441
9514.642	74.966
9515.748	75.476
9516.650	74.836
9518.440	73.080
9518.440	72.977
9518.455	74.113
9518.455	74.010
9519.358	73.493
9520.246	72.564
9521.148	72.564
9522.953	72.254
9525.661	72.152
9530.276	72.161
9532.940	73.668
9532.955	73.247
9533.857	73.352
9534.745	74.298
9534.745	74.300
9536.536	74.405
9541.049	74.511
9541.951	74.511
9545.547	73.995
9547.352	73.685
9548.255	73.685
9548.255	73.375
9549.157	73.375
9550.962	72.632
9551.865	72.322
9551.865	72.219
9552.768	71.806
9552.768	71.703
9553.830	70.959
9556.537	70.340
9556.537	70.236
9557.440	70.030
9557.440	70.135
9558.343	69.722
9558.343	69.827
9560.148	70.351
9561.051	70.351
9568.736	72.814
9568.766	71.003
9568.780	71.003
9569.566	72.814
9569.683	71.003
9569.697	70.791
9569.697	70.793
9569.697	70.898
9573.308	72.814
9574.225	72.814
9576.977	72.814
9578.694	72.814
9579.553	72.814
9580.397	72.814
9581.241	72.814
9582.086	72.814
9583.935	72.587
9584.925	72.474
9592.146	71.274
9596.250	70.335
9597.168	70.230
9597.168	70.130
9597.168	70.030
9597.168	69.830
9598.041	69.628
9598.041	69.530
9598.885	69.530
9604.679	69.530
9605.669	69.530
9606.659	69.530
9608.464	69.530
9609.322	69.530
9610.167	69.530
9611.012	69.530
9612.759	69.530
9613.617	69.530
9615.394	69.530
9616.281	69.530
9617.155	69.530
9618.014	69.530
9618.858	69.530
9621.521	69.530
9622.439	69.530
9623.298	69.530
9623.298	69.430
9624.157	69.325
9625.016	69.325
9628.902	69.099
9629.819	69.099
9632.688	68.985
9633.547	68.985
9634.391	68.985
9636.138	68.985
9636.996	68.985
9637.855	68.872
9637.855	68.775
9640.825	68.459
9643.576	68.136
9644.450	68.136
9646.226	67.939
9648.104	67.837
9650.826	67.611
9651.743	67.611
9654.465	67.291
9657.289	67.081
9660.041	66.863
9660.929	66.863
9663.724	66.636
9665.529	66.535
9666.373	66.535
9667.262	66.535
9668.120	66.636
9669.037	66.954
9669.926	67.054
9669.926	67.261
9669.926	67.571
9669.926	67.776
9669.926	67.977
9670.843	68.401
9670.843	68.507
9672.677	68.827
9674.453	68.930
9675.312	68.930
9677.088	69.045
9678.951	69.152
9681.571	69.254
9683.449	69.467
9684.439	69.467
9686.244	69.582
9687.161	69.582
9688.021	69.582
9690.670	69.582
9693.349	69.582
9694.207	69.582
9695.939	69.468
9699.754	69.242
9699.754	69.129
9702.621	68.809
9704.528	68.602
9707.222	68.294
9710.118	67.962
9713.016	67.651
9713.016	67.538
9714.791	67.323
9715.781	67.323
9718.605	67.008
9722.420	66.668
9722.420	66.555
9725.389	66.345
9728.286	66.030
9729.203	65.925
9732.100	65.480
9732.100	65.375
9735.070	64.695
9736.060	64.582
9737.967	64.146
9738.884	64.041
9740.791	63.596
9741.679	63.183
9742.669	63.183
9744.576	62.625
9745.493	62.208
9746.482	62.208
9748.288	61.888
9750.268	61.568
9750.268	61.455
9752.073	61.237
9753.951	61.027
9757.910	60.695
9757.910	60.582
9759.788	60.480
9760.647	60.480
9762.365	60.480
9765.000	60.480
9767.693	60.480
9770.415	60.595
9773.210	60.805
9774.972	60.805
9776.763	61.015
9777.680	61.228
9778.567	61.330
9779.412	61.330
9783.051	61.330
9784.812	61.330
9785.700	61.330
9787.506	61.330
9788.394	61.330
9792.135	61.217
9793.052	61.217
9795.876	61.112
9800.535	60.902
9803.286	60.465
9806.998	60.146
9811.875	59.806
9812.792	59.806
9818.658	59.466
9821.425	59.251
9823.186	59.046
9824.176	59.046
9826.971	58.819
9829.766	58.613
9830.654	58.613
9831.513	58.500
9834.410	58.296
9838.078	58.191
9838.078	58.078
9841.790	57.976
9844.483	57.875
9847.147	57.875
9848.952	57.761
9849.841	57.660
9851.587	57.660
9851.587	57.560
9852.505	57.255
9853.393	57.142
9854.251	57.142
9855.983	57.142
9858.647	57.142
9862.316	57.142
9865.955	57.142
9868.678	57.142
9870.410	57.142
9870.410	57.045
9873.234	56.714
9873.234	56.609
9875.039	56.390
9877.791	56.067
9879.596	55.852
9880.440	55.852
9880.440	55.756
9885.390	55.311
9888.214	54.891
9893.091	54.446
9894.008	54.341
9899.874	53.670
9903.688	53.233
9907.648	52.893
9908.565	52.788
9910.326	52.687
9910.326	52.785
9910.326	52.883
9911.156	52.883
9920.065	52.883
9921.056	52.883
9927.912	52.657
9930.605	52.450
9934.347	52.232
9935.336	52.232
9943.256	51.666
9951.175	51.099
9952.165	50.986
9959.094	50.419
9962.980	49.966
9963.971	49.966
9969.838	49.295
9975.776	48.728
9977.684	48.397
9978.601	48.397
9980.581	48.077
9981.425	47.980
9992.896	46.927
9996.608	46.503
10001.412	46.066
10002.402	46.066
10007.178	45.735
10008.036	45.621
10018.678	46.118
10019.508	46.118
10025.301	45.891
10028.067	45.665
10029.057	45.566
10029.916	45.468
10032.638	45.128
10033.628	45.128
10033.628	45.023
10033.628	44.927
10039.567	44.247
10040.484	44.142
10043.309	43.819
10043.309	43.705
10045.084	43.502
10045.958	43.402
10046.803	43.402
10050.471	43.184
10053.179	43.071
10054.168	42.957
10059.045	42.618
10060.021	42.506
10067.939	41.939
10068.930	41.826
10070.706	41.725
10071.550	41.725
10075.364	41.401
10081.230	41.062
10082.119	41.062
10085.933	40.722
10086.923	40.722
10094.770	40.164
10095.759	40.164
10102.615	39.719
10103.605	39.719
10111.452	39.047
10112.441	39.047
10118.309	38.489
10124.029	37.948
10129.823	37.511
10130.740	37.511
10133.608	37.081
10137.495	36.645
10142.227	36.208
10146.041	35.780
10151.834	35.335
10155.648	35.109
10156.565	35.004
10164.412	34.664
10174.602	34.308
10175.592	34.308
10181.386	34.081
10181.386	33.968
10188.315	33.741
10189.305	33.628
10197.151	33.070
10198.142	32.956
10204.998	32.512
10210.865	32.180
10211.854	32.180
10214.679	31.849
10218.492	31.630
10219.410	31.630
10225.276	31.290
10230.997	31.072
10234.812	30.846
10235.729	30.846
10241.522	30.522
10249.369	30.078
10250.359	30.078
10257.128	29.528
10263.067	28.848
10264.058	28.735
10268.861	28.185
10269.778	28.080
10272.603	27.644
10275.296	27.335
10276.184	27.234
10277.988	26.917
10278.979	26.917
10281.773	26.606
10284.555	26.401
10285.442	26.401
10286.301	26.401
10289.125	26.198
10294.919	25.761
10298.660	25.438
10299.577	25.333
10301.383	25.106
10302.300	25.106
10305.124	24.775
10306.041	24.775
10308.865	24.452
10313.523	24.023
10317.338	23.700
10321.151	23.490
10327.862	23.272
10333.584	23.167
10337.252	22.949
10338.140	22.949
10342.871	22.731
10347.675	22.504
10348.592	22.504
10352.450	22.176
10357.182	21.853
10358.040	21.748
10359.947	21.546
10360.938	21.546
10364.824	21.093
10365.813	21.093
10365.813	20.988
