465 31.7115
465.125 30.8836
465.25 30.9218
465.375 30.9711
465.5 30.9931
465.625 31.0228
465.75 31.088
465.875 31.1608
466 31.2102
466.125 31.2109
466.25 31.2027
466.375 31.1779
466.5 31.3272
466.625 31.4093
466.75 31.3388
466.875 31.2134
467 31.2364
467.125 31.2479
467.25 31.2945
467.375 31.2221
467.5 31.3165
467.625 31.2469
467.75 31.4176
467.875 31.6505
468 31.6983
468.125 31.7076
468.25 31.686
468.375 31.9497
468.5 32.0368
468.625 32.079
468.75 32.0763
468.875 32.0865
469 32.1214
469.125 32.1593
469.25 32.017
469.375 31.8756
469.5 31.9154
469.625 31.9464
469.75 31.7913
469.875 31.6589
470 31.7239
470.125 31.7839
470.25 31.7767
470.375 31.7601
470.5 31.8299
470.625 31.8853
470.75 32.0408
470.875 32.1862
471 32.1799
471.125 32.1643
471.25 32.4642
471.375 32.856
471.5 32.8687
471.625 32.8715
471.75 33.2174
471.875 33.5698
472 33.5862
472.125 33.5684
472.25 33.7473
472.375 33.8964
472.5 33.9283
472.625 33.9616
472.75 33.9648
472.875 33.9652
473 34.0192
473.125 34.0728
473.25 34.094
473.375 34.1078
473.5 34.1618
473.625 34.209
473.75 34.2906
473.875 34.3696
474 34.3881
474.125 34.4076
474.25 34.5616
474.375 34.7113
474.5 34.7327
474.625 34.7548
474.75 34.8707
474.875 34.9911
475 35.037
475.125 35.0838
475.25 35.0332
475.375 34.9824
475.5 35.0285
475.625 35.0776
475.75 34.9638
475.875 34.8498
476 34.9024
476.125 34.9563
476.25 34.9356
476.375 34.9164
476.5 34.9712
476.625 35.0168
476.75 35.0541
476.875 35.0819
477 35.086
477.125 35.0901
477.25 35.1641
477.375 35.2398
477.5 35.2458
477.625 35.2602
477.75 35.4109
477.875 35.5714
478 35.6299
478.125 35.6896
478.25 35.8624
478.375 36.0352
478.5 36.0956
478.625 36.1489
478.75 36.285
478.875 36.4148
479 36.4374
479.125 36.46
479.25 36.5923
479.375 36.7245
479.5 36.7472
479.625 36.7734
479.75 36.9352
479.875 37.1029
480 37.1571
480.125 37.2089
480.25 37.3675
480.375 37.5261
480.5 37.5783
480.625 37.6259
480.75 37.7251
480.875 37.8208
481 37.8455
481.125 37.8631
481.25 37.8491
481.375 37.8425
481.5 37.9201
481.625 37.9644
481.75 37.9161
481.875 37.8587
482 37.8656
482.125 37.9202
482.25 37.6626
482.375 37.7108
482.5 37.779
482.625 37.7939
482.75 37.7722
482.875 37.6498
483 37.5479
483.125 37.7272
483.25 37.7843
483.375 37.7967
483.5 37.8344
483.625 37.8757
483.75 37.9732
483.875 38.073
484 38.1243
484.125 38.1763
484.25 38.2156
484.375 38.1896
484.5 38.3392
484.625 38.4277
484.75 38.3271
484.875 38.1727
485 38.3356
485.125 38.443
485.25 38.1533
485.375 37.8526
485.5 37.9322
485.625 38.0094
485.75 37.6488
485.875 37.2858
486 37.3854
486.125 37.4468
486.25 37.0922
486.375 36.9638
486.5 37.0966
486.625 37.1735
486.75 37.0644
486.875 36.9277
487 36.8875
487.125 36.8509
487.25 36.9543
487.375 37.0507
487.5 37.0156
487.625 36.9883
487.75 37.2046
487.875 37.421
488 37.4304
488.125 37.4341
488.25 37.5898
488.375 37.6986
488.5 37.7029
488.625 37.7712
488.75 37.9586
488.875 38.1266
489 38.1472
489.125 38.1587
489.25 38.395
489.375 38.6289
489.5 38.6474
489.625 38.6639
489.75 38.869
489.875 39.0785
490 39.0951
490.125 39.1132
490.25 39.1641
490.375 39.2149
490.5 39.1934
490.625 39.1028
490.75 39.1079
490.875 39.0455
491 39.1001
491.125 39.1304
491.25 38.9051
491.375 38.6528
491.5 38.7175
491.625 38.7792
491.75 38.5133
491.875 38.2184
492 38.1878
492.125 38.2793
492.25 38.2528
492.375 38.2065
492.5 38.2378
492.625 38.2692
492.75 38.4855
492.875 38.7032
493 38.7357
493.125 38.765
493.25 39.0974
493.375 39.4119
493.5 39.5305
493.625 39.5724
493.75 39.7704
493.875 39.8883
494 40.0702
494.125 40.1138
494.25 40.1891
494.375 40.2634
494.5 40.2456
494.625 40.2408
494.75 40.1884
494.875 40.1274
495 40.2436
495.125 40.3307
495.25 40.2592
495.375 40.1352
495.5 40.0498
495.625 40.2707
495.75 40.3151
495.875 40.2939
496 40.2977
496.125 40.2995
496.25 40.4531
496.375 40.5959
496.5 40.5685
496.625 40.5851
496.75 40.6538
496.875 40.8405
497 40.8904
497.125 40.9182
497.25 40.7615
497.375 40.6036
497.5 40.6205
497.625 40.6235
497.75 40.3742
497.875 40.0902
498 40.1991
498.125 40.2837
498.25 40.106
498.375 39.9283
498.5 40.0003
498.625 40.063
498.75 39.9483
498.875 39.815
499 39.8085
499.125 39.8005
499.25 39.7221
499.375 39.6277
499.5 39.6518
499.625 39.6515
499.75 39.5494
499.875 39.5325
500 39.605
500.125 39.6627
500.25 39.4725
500.375 39.2792
500.5 39.3309
500.625 39.3612
500.75 39.1907
500.875 38.9951
501 39.0277
501.125 39.0709
501.25 39.0732
501.375 39.0651
501.5 39.105
501.625 39.1373
501.75 39.2758
501.875 39.4124
502 39.4031
502.125 39.386
502.25 39.6018
502.375 39.7864
502.5 39.7841
502.625 39.7582
502.75 39.8862
502.875 40.0587
503 39.9872
503.125 40.0388
503.25 40.0556
503.375 40.0661
503.5 40.0507
503.625 39.9195
503.75 39.9651
503.875 39.8356
504 39.9867
504.125 40.0428
504.25 40.0707
504.375 39.9913
504.5 40.0237
504.625 40.2118
504.75 40.2867
504.875 40.3341
505 40.3153
505.125 40.3166
505.25 40.4842
505.375 40.5921
505.5 40.598
505.625 40.6205
505.75 40.6886
505.875 40.8469
506 40.9207
506.125 40.9476
506.25 41.0024
506.375 41.0406
506.5 41.0862
506.625 41.1272
506.75 40.8693
506.875 40.7378
507 40.8197
507.125 40.8909
507.25 40.6975
507.375 40.3928
507.5 40.5168
507.625 40.5782
507.75 40.3318
507.875 40.2869
508 40.2225
508.125 40.3041
508.25 40.4535
508.375 40.5426
508.5 40.5139
508.625 40.5761
508.75 40.6652
508.875 40.8998
509 40.9349
509.125 40.9511
509.25 40.9536
509.375 40.9593
509.5 41.0129
509.625 41.0542
509.75 40.9625
509.875 40.9093
510 40.921
510.125 40.9313
510.25 40.8669
510.375 40.7717
510.5 40.8188
510.625 40.8325
510.75 40.8214
510.875 40.7895
511 40.8088
511.125 40.7983
511.25 40.8127
511.375 40.8499
511.5 40.8583
511.625 40.8675
511.75 40.9146
511.875 40.978
512 41.0407
512.125 41.0978
512.25 41.0701
512.375 41.0273
512.5 41.0961
512.625 41.1525
512.75 40.9824
512.875 40.8067
513 40.8294
513.125 40.8497
513.25 40.6528
513.375 40.451
513.5 40.4736
513.625 40.4944
513.75 40.3807
513.875 40.2637
514 40.2795
514.125 40.2948
514.25 40.3347
514.375 40.3763
514.5 40.3913
514.625 40.4057
514.75 40.483
514.875 40.5583
515 40.5692
515.125 40.5808
515.25 40.4726
515.375 40.3656
515.5 40.3776
515.625 40.4012
515.75 39.9999
515.875 39.614
516 39.71
516.125 39.8057
516.25 39.048
516.375 38.2756
516.5 38.3719
516.625 38.4535
516.75 37.5374
516.875 36.5801
517 36.578
517.125 36.575
517.25 35.9843
517.375 35.386
517.5 35.3831
517.625 35.3865
517.75 35.4584
517.875 35.5405
518 35.5803
518.125 35.62
518.25 36.3216
518.375 37.0139
518.5 37.0545
518.625 37.0803
518.75 37.8412
518.875 38.3334
519 38.5829
519.125 38.468
519.25 39.3561
519.375 40.1073
519.5 40.066
519.625 40.0267
519.75 40.1319
519.875 39.1842
520 38.1009
520.125 38.5478
520.25 40.529
520.375 41.0139
520.5 40.6068
520.625 41.0464
520.75 41.3306
520.875 41.4174
521 41.2556
521.125 41.3995
521.25 41.8178
521.375 42.1843
521.5 42.1755
521.625 42.1728
521.75 42.5931
521.875 42.9407
522 43.1073
522.125 43.1928
522.25 43.4935
522.375 43.65
522.5 43.2656
522.625 43.7291
522.75 44.0379
522.875 44.194
523 44.1872
523.125 44.1797
523.25 44.3539
523.375 44.4059
523.5 44.5797
523.625 44.629
523.75 44.9681
523.875 45.1024
524 44.4961
524.125 45.0789
524.25 45.6351
524.375 45.9831
524.5 45.9739
524.625 45.9721
524.75 46.1065
524.875 46.2436
525 46.2075
525.125 46.0428
525.25 45.9045
525.375 45.6365
525.5 45.6384
525.625 45.3799
525.75 43.9928
525.875 44.0577
526 44.4749
526.125 44.5592
526.25 43.7603
526.375 43.1747
526.5 43.3088
526.625 43.3883
526.75 43.0118
526.875 42.613
527 42.5759
527.125 42.5267
527.25 42.873
527.375 43.2194
527.5 43.1255
527.625 42.8368
527.75 43.5303
527.875 44.6539
528 44.7423
528.125 44.7311
528.25 45.4688
528.375 46.1959
528.5 46.183
528.625 46.1745
528.75 46.6153
528.875 47.048
529 47.0559
529.125 47.0654
529.25 47.1809
529.375 47.2852
529.5 47.2098
529.625 47.2938
529.75 47.3518
529.875 47.3191
530 47.1085
530.125 47.1097
530.25 47.4913
530.375 47.7069
530.5 47.7061
530.625 47.6799
530.75 47.7503
530.875 48.0183
531 48.0579
531.125 48.0678
531.25 47.963
531.375 47.737
531.5 47.5518
531.625 47.8378
531.75 47.6122
531.875 47.3153
532 47.3922
532.125 47.4515
532.25 46.9846
532.375 46.6048
532.5 46.6653
532.625 46.6312
532.75 46.2807
532.875 45.9176
533 45.8797
533.125 45.6516
533.25 45.1373
533.375 45.5453
533.5 45.6676
533.625 45.6437
533.75 45.9526
533.875 46.28
534 46.3138
534.125 46.3471
534.25 46.804
534.375 47.2573
534.5 47.2789
534.625 47.2688
534.75 47.6885
534.875 48.0655
535 48.0077
535.125 47.8892
535.25 48.2025
535.375 48.4523
535.5 48.4028
535.625 48.3163
535.75 48.3895
535.875 48.4347
536 48.4866
536.125 48.5391
536.25 48.3196
536.375 48.0986
536.5 48.1502
536.625 48.1983
536.75 47.9997
536.875 47.788
537 47.7988
537.125 47.8085
537.25 47.8577
537.375 47.9025
537.5 47.915
537.625 47.9254
537.75 48.0933
537.875 48.265
538 48.275
538.125 48.2808
538.25 48.3447
538.375 48.4005
538.5 48.4109
538.625 48.43
538.75 48.2358
538.875 48.0692
539 48.1024
539.125 48.1382
539.25 47.7095
539.375 47.2741
539.5 47.314
539.625 47.355
539.75 46.9186
539.875 46.4848
540 46.5058
540.125 46.5622
540.25 46.4257
540.375 46.2556
540.5 46.3211
540.625 46.3452
540.75 46.5369
540.875 46.6706
541 46.6512
541.125 46.6006
541.25 47.1066
541.375 47.4884
541.5 47.4558
541.625 47.425
541.75 47.8604
541.875 48.25
542 48.2786
542.125 48.2872
542.25 48.3592
542.375 48.4875
542.5 48.4628
542.625 48.5525
542.75 48.4422
542.875 48.3167
543 48.3061
543.125 48.3068
543.25 48.2807
543.375 48.2696
543.5 48.2454
543.625 48.2255
543.75 48.2915
543.875 48.4456
544 48.4769
544.125 48.5115
544.25 48.674
544.375 48.8221
544.5 48.8473
544.625 48.8792
544.75 49.0627
544.875 49.2558
545 49.2092
545.125 49.2449
545.25 49.4344
545.375 49.5873
545.5 49.606
545.625 49.598
545.75 49.5942
545.875 49.7025
546 49.7247
546.125 49.7194
546.25 49.6907
546.375 49.5204
546.5 49.6023
546.625 49.6255
546.75 49.5098
546.875 49.3374
547 49.4014
547.125 49.3886
547.25 49.3334
547.375 49.2286
547.5 49.23
547.625 49.2842
547.75 49.2843
547.875 49.2405
548 49.2505
548.125 49.2806
548.25 49.4076
548.375 49.5401
548.5 49.5531
548.625 49.5446
548.75 49.7283
548.875 49.8816
549 49.9043
549.125 49.9056
549.25 50.0073
549.375 50.1298
549.5 50.1334
549.625 50.1349
549.75 50.1205
549.875 50.1032
550 50.1382
550.125 50.1693
550.25 50.0015
550.375 49.8186
550.5 49.8733
550.625 49.9135
550.75 49.8024
550.875 49.6855
551 49.6968
551.125 49.7119
551.25 49.8195
551.375 49.93
551.5 49.9413
551.625 49.9624
551.75 50.1717
551.875 50.3997
552 50.4255
552.125 50.4516
552.25 50.6221
552.375 50.7916
552.5 50.8174
552.625 50.8371
552.75 50.9141
552.875 50.9804
553 50.9873
553.125 50.9938
553.25 51.0066
553.375 51.0194
553.5 51.0265
553.625 51.0352
553.75 51.1144
553.875 51.1915
554 51.2012
554.125 51.2088
554.25 51.2771
554.375 51.0505
554.5 51.2447
554.625 50.9254
554.75 51.6591
554.875 52.0289
555 52.0078
555.125 51.9005
555.25 52.0549
555.375 52.1271
555.5 52.1422
555.625 52.1597
555.75 52.0489
555.875 51.9457
556 51.9832
556.125 52.0184
556.25 51.8199
556.375 51.3248
556.5 50.4743
556.625 51.3951
556.75 51.5025
556.875 51.3017
557 51.2174
557.125 50.9529
557.25 51.1051
557.375 51.0779
557.5 51.0828
557.625 50.254
557.75 28.699
557.875 16.3807
558 28.6291
558.125 50.0436
558.25 50.4642
558.375 50.5225
558.5 50.6327
558.625 50.6616
558.75 50.4439
558.875 50.2155
559 49.9596
559.125 49.1932
559.25 49.8395
559.375 49.9772
559.5 49.985
559.625 49.9881
559.75 49.9912
559.875 49.7706
560 50.0993
560.125 50.2125
560.25 50.5937
560.375 50.963
560.5 50.6128
560.625 49.5863
560.75 51.0233
560.875 51.785
561 51.8078
561.125 51.8221
561.25 52.0176
561.375 52.2147
561.5 52.2313
561.625 52.2455
561.75 52.1294
561.875 51.8301
562 52.0963
562.125 52.1925
562.25 52.0671
562.375 51.6144
562.5 50.6454
562.625 51.6227
562.75 51.9409
562.875 51.9355
563 51.9425
563.125 51.9541
563.25 52.1498
563.375 52.3476
563.5 52.3563
563.625 52.3652
563.75 52.5877
563.875 52.8102
564 52.7524
564.125 52.5543
564.25 52.8018
564.375 52.9067
564.5 52.847
564.625 52.554
564.75 52.4305
564.875 52.6802
565 52.795
565.125 52.8202
565.25 52.7435
565.375 52.663
565.5 52.6908
565.625 52.7146
565.75 52.605
565.875 52.4859
566 52.489
566.125 52.4911
566.25 52.3447
566.375 52.1984
566.5 52.1268
566.625 51.8952
566.75 52.1346
566.875 52.2262
567 52.1595
567.125 51.9503
567.25 52.4251
567.375 52.774
567.5 52.7681
567.625 52.7464
567.75 53.0851
567.875 53.3694
568 53.4428
568.125 53.4374
568.25 53.5366
568.375 53.5413
568.5 53.5271
568.625 53.6727
568.75 53.4781
568.875 53.187
569 53.3679
569.125 53.2323
569.25 53.0648
569.375 52.7491
569.5 52.8868
569.625 52.8994
569.75 52.5638
569.875 52.4029
570 52.3925
570.125 52.5009
570.25 52.3677
570.375 52.3652
570.5 52.3748
570.625 52.4188
570.75 52.4402
570.875 52.3884
571 52.4178
571.125 52.4208
571.25 52.5578
571.375 52.8165
571.5 52.8014
571.625 52.7847
571.75 53.1635
571.875 53.3903
572 53.4543
572.125 53.3386
572.25 53.7732
572.375 54.0393
572.5 54.0904
572.625 54.1486
572.75 54.365
572.875 54.4744
573 54.5494
573.125 54.4655
573.25 54.6445
573.375 54.6548
573.5 54.6139
573.625 54.7015
573.75 54.5273
573.875 54.2925
574 54.4372
574.125 54.4771
574.25 54.3549
574.375 54.1169
574.5 54.2181
574.625 54.1728
574.75 54.0352
574.875 54.088
575 54.1244
575.125 54.1688
575.25 54.1618
575.375 54.1463
575.5 54.1529
575.625 54.1517
575.75 54.2475
575.875 54.2889
576 54.2801
576.125 54.3023
576.25 54.3552
576.375 54.351
576.5 54.3535
576.625 54.4346
576.75 54.4187
576.875 54.4002
577 54.4532
577.125 54.4267
577.25 54.4149
577.375 54.3575
577.5 54.3928
577.625 54.4584
577.75 54.3866
577.875 54.4157
578 54.4544
578.125 54.4842
578.25 54.4819
578.375 54.4411
578.5 54.5032
578.625 54.5628
578.75 54.5343
578.875 54.4968
579 54.5034
579.125 54.5311
579.25 54.5388
579.375 54.5478
579.5 54.5475
579.625 54.5773
579.75 54.6514
579.875 54.7425
580 54.7499
580.125 54.7948
580.25 54.9414
580.375 55.1029
580.5 55.1196
580.625 55.1382
580.75 55.3303
580.875 55.5403
581 55.5663
581.125 55.586
581.25 55.7792
581.375 55.9769
581.5 55.9879
581.625 56.0191
581.75 56.1726
581.875 56.3203
582 56.3428
582.125 56.3753
582.25 56.4782
582.375 56.579
582.5 56.5979
582.625 56.6327
582.75 56.7165
582.875 56.788
583 56.8174
583.125 56.8591
583.25 56.9161
583.375 56.9761
583.5 57.0013
583.625 57.0361
583.75 57.043
583.875 57.0477
584 57.065
584.125 57.0963
584.25 57.0173
584.375 56.9303
584.5 56.9704
584.625 57.0021
584.75 56.8328
584.875 56.7229
585 56.767
585.125 56.8252
585.25 56.6474
585.375 56.6208
585.5 56.6724
585.625 56.6753
585.75 56.6187
585.875 56.5028
586 56.5225
586.125 56.438
586.25 56.6914
586.375 56.7919
586.5 56.839
586.625 56.3011
586.75 53.9139
586.875 53.7003
587 55.0197
587.125 55.5581
587.25 55.8226
587.375 55.6614
587.5 55.8607
587.625 56.0344
587.75 55.1481
587.875 55.0895
588 55.2679
588.125 54.9416
588.25 54.2063
588.375 53.4452
588.5 53.2381
588.625 53.8204
588.75 51.8324
588.875 49.1935
589 42.3449
589.125 33.4337
589.25 44.7829
589.375 50.3693
589.5 50.6788
589.625 45.7383
589.75 39.3625
589.875 48.1557
590 52.1069
590.125 51.9748
590.25 53.0474
590.375 54.0833
590.5 53.8837
590.625 54.344
590.75 54.5353
590.875 54.1847
591 54.6993
591.125 55.0405
591.25 55.378
591.375 56.1601
591.5 56.0233
591.625 55.1327
591.75 52.981
591.875 55.9629
592 56.1926
592.125 55.5586
592.25 57.1182
592.375 57.0883
592.5 56.3466
592.625 55.1172
592.75 57.3243
592.875 57.6878
593 57.2926
593.125 57.6754
593.25 57.4748
593.375 55.6486
593.5 53.011
593.625 56.217
593.75 57.3764
593.875 57.6844
594 57.5144
594.125 57.7195
594.25 56.4989
594.375 55.9336
594.5 57.6186
594.625 56.7014
594.75 55.3073
594.875 56.6501
595 57.6916
595.125 56.8539
595.25 57.5064
595.375 56.4379
595.5 53.2354
595.625 56.3131
595.75 57.6238
595.875 57.6622
596 56.6607
596.125 57.682
596.25 57.7752
596.375 57.5847
596.5 57.8149
596.625 57.7807
596.75 57.7417
596.875 57.5848
597 57.1534
597.125 57.5342
597.25 56.7483
597.375 57.8885
597.5 58.1828
597.625 57.8069
597.75 57.5515
597.875 55.4059
598 57.3568
598.125 58.0762
598.25 57.9621
598.375 57.9637
598.5 58.0239
598.625 57.946
598.75 58.0119
598.875 58.0763
599 58.0283
599.125 58.0774
599.25 57.9825
599.375 58.137
599.5 58.2407
599.625 58.1928
599.75 58.3479
599.875 58.0689
600 57.7245
600.125 58.0771
600.25 58.2882
600.375 57.9068
600.5 57.4033
600.625 57.4249
600.75 58.0355
600.875 58.1395
601 58.154
601.125 58.1449
601.25 58.1087
601.375 57.9754
601.5 58.0201
601.625 58.0427
601.75 57.8691
601.875 58.0047
602 58.0256
602.125 58.0301
602.25 58.1715
602.375 58.2774
602.5 58.2989
602.625 58.3347
602.75 58.5854
602.875 58.711
603 58.3399
603.125 58.7201
603.25 59.0369
603.375 59.1892
603.5 58.9147
603.625 58.9518
603.75 59.2368
603.875 59.3196
604 59.3564
604.125 59.3739
604.25 59.5887
604.375 59.8077
604.5 59.8187
604.625 59.8546
604.75 59.8083
604.875 59.7638
605 59.7888
605.125 59.8137
605.25 59.8586
605.375 59.9018
605.5 59.9294
605.625 59.9544
605.75 59.8787
605.875 59.8049
606 59.8319
606.125 59.8562
606.25 59.8413
606.375 59.825
606.5 59.849
606.625 59.8729
606.75 59.8583
606.875 59.6807
607 59.9509
607.125 60.0558
607.25 59.9519
607.375 59.8453
607.5 59.8686
607.625 59.8921
607.75 59.7649
607.875 59.6403
608 59.6678
608.125 59.6956
608.25 59.5578
608.375 59.4213
608.5 59.4496
608.625 59.479
608.75 59.4134
608.875 59.3456
609 59.3678
609.125 59.3921
609.25 59.3362
609.375 59.2794
609.5 59.3026
609.625 59.3274
609.75 59.2925
609.875 59.2612
610 59.2371
610.125 59.0905
610.25 59.2359
610.375 59.2351
610.5 59.1768
610.625 59.1726
610.75 59.4501
610.875 59.6299
611 59.6415
611.125 59.6534
611.25 59.6876
611.375 59.7218
611.5 59.7338
611.625 59.7486
611.75 59.5877
611.875 59.4355
612 59.4746
612.125 59.5142
612.25 59.4737
612.375 59.433
612.5 59.4726
612.625 59.5116
612.75 59.5845
612.875 59.655
613 59.6883
613.125 59.7209
613.25 59.5524
613.375 59.3819
613.5 59.4146
613.625 59.4442
613.75 59.3117
613.875 58.9808
614 59.0337
614.125 58.4047
614.25 59.4166
614.375 59.9032
614.5 59.5158
614.625 59.0439
614.75 59.6761
614.875 59.8061
615 59.832
615.125 59.7672
615.25 59.2848
615.375 59.3263
615.5 59.4342
615.625 59.4434
615.75 58.9976
615.875 58.5329
616 58.5319
616.125 58.8077
616.25 58.7176
616.375 58.5654
616.5 58.62
616.625 58.6666
616.75 58.929
616.875 59.1667
617 59.0674
617.125 58.2533
617.25 57.0674
617.375 59.0511
617.5 59.612
617.625 59.3932
617.75 59.0445
617.875 60.0037
618 60.2358
618.125 60.2527
618.25 60.4245
618.375 60.5938
618.5 60.4923
618.625 60.1651
618.75 60.5928
618.875 60.7947
619 60.82
619.125 60.8428
619.25 61.0024
619.375 60.9913
619.5 60.4993
619.625 61.0362
619.75 61.2256
619.875 61.2418
620 61.2505
620.125 61.2583
620.25 61.3535
620.375 60.9062
620.5 59.3224
620.625 60.9247
620.75 61.3617
620.875 61.2646
621 61.2956
621.125 61.3265
621.25 61.1319
621.375 60.7342
621.5 60.1505
621.625 60.7933
621.75 60.9431
621.875 60.8826
622 60.8911
622.125 60.8877
622.25 60.3131
622.375 58.5517
622.5 60.3881
622.625 61.0352
622.75 60.8961
622.875 60.7526
623 60.7819
623.125 60.8124
623.25 60.7714
623.375 60.7188
623.5 60.0184
623.625 56.7489
623.75 54.4827
623.875 57.3803
624 60.2329
624.125 60.4776
624.25 59.1799
624.375 58.5826
624.5 57.9637
624.625 60.0407
624.75 60.5622
624.875 60.2233
625 60.131
625.125 60.5487
625.25 60.5788
625.375 60.5
625.5 60.531
625.625 60.5422
625.75 60.3855
625.875 57.9617
626 53.735
626.125 58.5519
626.25 60.6502
626.375 60.486
626.5 60.5292
626.625 60.1537
626.75 58.292
626.875 60.304
627 60.4503
627.125 61.1582
627.25 61.4261
627.375 61.4286
627.5 61.5751
627.625 61.5837
627.75 61.4579
627.875 59.3479
628 58.2817
628.125 59.6744
628.25 60.5099
628.375 61.06
628.5 61.1273
628.625 61.6161
628.75 59.9452
628.875 55.9747
629 59.9672
629.125 61.2869
629.25 61.2887
629.375 61.2667
629.5 61.2348
629.625 61.5676
629.75 60.5354
629.875 60.7259
630 57.8299
630.125 39.1079
630.25 24.0934
630.375 39.5248
630.5 60.7111
630.625 61.847
630.75 59.2438
630.875 53.5691
631 59.6927
631.125 61.8628
631.25 61.8529
631.375 61.976
631.5 61.9799
631.625 61.6398
631.75 61.9591
631.875 61.9034
632 62.0868
632.125 61.7919
632.25 61.6524
632.375 59.9122
632.5 61.751
632.625 62.5139
632.75 62.6983
632.875 62.6804
633 60.2076
633.125 54.0219
633.25 60.1797
633.375 62.5043
633.5 62.6273
633.625 62.6698
633.75 62.7413
633.875 62.8612
634 62.8819
634.125 62.9205
634.25 62.9134
634.375 62.8136
634.5 62.8618
634.625 63.0239
634.75 63.1923
634.875 62.7221
635 61.5599
635.125 62.9634
635.25 63.2341
635.375 63.2343
635.5 63.302
635.625 62.6856
635.75 60.1965
635.875 60.2722
636 62.4866
636.125 63.0698
636.25 62.7764
636.375 52.4021
636.5 37.7261
636.625 52.4997
636.75 63.3241
636.875 63.8039
637 63.7629
637.125 63.8335
637.25 64.0367
637.375 64.2058
637.5 64.308
637.625 64.3525
637.75 64.3622
637.875 64.3781
638 64.09
638.125 63.1498
638.25 64.1632
638.375 64.5178
638.5 64.5554
638.625 64.2818
638.75 62.9694
638.875 62.9621
639 64.1706
639.125 64.466
639.25 64.2649
639.375 64.0584
639.5 64.0883
639.625 64.1351
639.75 63.9591
639.875 63.7672
640 63.8316
640.125 63.8649
640.25 63.8634
640.375 63.9145
640.5 63.942
640.625 63.9737
640.75 63.9569
640.875 63.9129
641 63.87
641.125 63.9584
641.25 64.052
641.375 63.9809
641.5 63.432
641.625 63.5472
641.75 64.2392
641.875 64.5115
642 64.4238
642.125 63.7944
642.25 63.9273
642.375 64.6525
642.5 64.8358
642.625 64.7998
642.75 64.809
642.875 64.9508
643 65.0181
643.125 65.021
643.25 65.0948
643.375 65.2188
643.5 65.148
643.625 65.2211
643.75 65.24
643.875 65.2103
644 65.2223
644.125 65.2171
644.25 65.2703
644.375 65.3212
644.5 65.301
644.625 65.3361
644.75 65.3208
644.875 65.2616
645 65.2229
645.125 65.3033
645.25 65.2687
645.375 65.013
645.5 65.2806
645.625 65.2332
645.75 65.3529
645.875 65.0895
646 64.6255
646.125 64.8631
646.25 65.2547
646.375 64.4717
646.5 62.5891
646.625 63.2333
646.75 61.5685
646.875 64.16
647 65.2914
647.125 63.6699
647.25 60.8374
647.375 64.0898
647.5 65.2401
647.625 65.4219
647.75 63.9391
647.875 64.9515
648 64.5063
648.125 64.4469
648.25 65.4507
648.375 65.6597
648.5 64.5193
648.625 65.0954
648.75 65.4196
648.875 64.979
649 65.3909
649.125 65.3596
649.25 64.2117
649.375 64.877
649.5 63.8243
649.625 64.6225
649.75 63.8428
649.875 61.705
650 56.3495
650.125 62.7972
650.25 65.7533
650.375 66.0483
650.5 64.7385
650.625 62.4236
650.75 65.6436
650.875 66.8624
651 66.3437
651.125 66.8916
651.25 66.9346
651.375 66.4125
651.5 66.6752
651.625 64.7454
651.75 66.4334
651.875 64.941
652 66.8157
652.125 66.353
652.25 66.6073
652.375 64.7004
652.5 66.1133
652.625 66.817
652.75 67.1445
652.875 67.1218
653 67.1519
653.125 67.1868
653.25 67.1075
653.375 64.4342
653.5 59.6562
653.625 64.6358
653.75 67.5192
653.875 67.4153
654 67.7308
654.125 67.6619
654.25 67.3686
654.375 67.1545
654.5 66.6491
654.625 63.3014
654.75 66.1785
654.875 67.1291
655 66.0303
655.125 67.1988
655.25 66.8851
655.375 63.8118
655.5 56.9154
655.625 63.9259
655.75 65.8791
655.875 64.8795
656 65.054
656.125 65.4666
656.25 64.7659
656.375 64.1962
656.5 62.4973
656.625 63.682
656.75 65.6262
656.875 65.5549
657 63.4033
657.125 65.4729
657.25 66.6683
657.375 66.4325
657.5 67.0623
657.625 66.1376
657.75 65.117
657.875 59.756
658 65.4331
658.125 67.6614
658.25 67.3763
658.375 67.7091
658.5 67.2024
658.625 67.5634
658.75 67.6378
658.875 67.333
659 67.7091
659.125 67.7699
659.25 67.6559
659.375 67.5652
659.5 67.5165
659.625 67.4601
659.75 67.2473
659.875 66.0201
660 67.3862
660.125 67.5911
660.25 67.8421
660.375 67.6968
660.5 66.8239
660.625 64.0539
660.75 66.8708
660.875 68.0128
661 68.0531
661.125 68.0417
661.25 68.1954
661.375 68.2388
661.5 68.355
661.625 68.3933
661.75 68.3796
661.875 68.4065
662 68.4253
662.125 68.4293
662.25 68.2826
662.375 68.1903
662.5 68.2334
662.625 68.2781
662.75 68.0233
662.875 67.5186
663 66.7914
663.125 67.5749
663.25 67.7762
663.375 67.7082
663.5 67.258
663.625 66.0209
663.75 67.4486
663.875 68.0214
664 68.0384
664.125 68.0628
664.25 68.1619
664.375 68.2487
664.5 68.2641
664.625 68.296
664.75 68.4982
664.875 68.6618
665 68.6842
665.125 68.6418
665.25 68.6615
665.375 68.8137
665.5 68.851
665.625 68.895
665.75 68.7733
665.875 68.6722
666 68.6969
666.125 68.713
666.25 68.3895
666.375 67.6527
666.5 68.3227
666.625 68.5506
666.75 68.4725
666.875 68.1705
667 68.2708
667.125 68.6332
667.25 68.5936
667.375 68.5074
667.5 68.528
667.625 68.5444
667.75 68.6577
667.875 68.7647
668 68.7828
668.125 68.8055
668.25 69.0443
668.375 69.2845
668.5 69.2815
668.625 69.3236
668.75 69.3405
668.875 69.3556
669 69.3692
669.125 69.3964
669.25 69.3122
669.375 69.2292
669.5 69.2565
669.625 69.2864
669.75 69.261
669.875 69.2366
670 69.1532
670.125 68.8392
670.25 69.1682
670.375 69.2642
670.5 69.1815
670.625 68.8666
670.75 69.1824
670.875 69.2624
671 69.2664
671.125 69.3021
671.25 69.0828
671.375 68.9582
671.5 68.962
671.625 68.8674
671.75 68.9975
671.875 69.0851
672 69.119
672.125 69.0739
672.25 69.0849
672.375 69.2504
672.5 69.2198
672.625 69.3289
672.75 69.5062
672.875 69.6518
673 69.6644
673.125 69.6443
673.25 69.5923
673.375 69.6172
673.5 69.6575
673.625 69.6817
673.75 69.6821
673.875 69.6816
674 69.6234
674.125 69.3642
674.25 69.4823
674.375 69.5776
674.5 69.5431
674.625 69.3807
674.75 69.6012
674.875 69.5893
675 69.6751
675.125 69.7146
675.25 69.7044
675.375 69.6939
675.5 69.7114
675.625 69.7286
675.75 69.7017
675.875 69.674
676 69.6912
676.125 69.708
676.25 69.7659
676.375 69.8251
676.5 69.8408
676.625 69.8583
676.75 69.834
676.875 69.8095
677 69.8169
677.125 69.8075
677.25 69.9798
677.375 70.1334
677.5 70.1511
677.625 70.1711
677.75 70.2118
677.875 70.2526
678 70.2719
678.125 70.2897
678.25 70.2616
678.375 70.2279
678.5 70.1804
678.625 70.0033
678.75 70.2232
678.875 70.2232
679 69.953
679.125 70.2585
679.25 70.4041
679.375 70.4563
679.5 70.4701
679.625 70.4853
679.75 70.3606
679.875 70.218
680 70.2481
680.125 70.255
680.25 70.1678
680.375 70.0544
680.5 69.9876
680.625 70.0728
680.75 70.173
680.875 70.2307
681 70.2601
681.125 70.2761
681.25 70.3491
681.375 70.4285
681.5 70.4306
681.625 70.4462
681.75 70.4891
681.875 70.4911
682 70.4924
682.125 70.3973
682.25 70.5042
682.375 70.5506
682.5 70.5455
682.625 70.5387
682.75 69.3636
682.875 65.6534
683 65.0085
683.125 60.6971
683.25 67.7442
683.375 69.9264
683.5 66.3808
683.625 59.8583
683.75 67.0463
683.875 70.3767
684 70.4456
684.125 70.0057
684.25 68.9645
684.375 66.9993
684.5 69.5951
684.625 70.4617
684.75 70.4015
684.875 70.368
685 70.3559
685.125 70.2307
685.25 69.6458
685.375 70.0676
685.5 70.1934
685.625 70.2254
685.75 70.1443
685.875 70.0335
686 70.034
686.125 70.0457
686.25 69.8845
686.375 68.8949
686.5 61.6071
686.625 52.1735
686.75 63.6686
686.875 64.3139
687 54.4388
687.125 54.7205
687.25 56.6526
687.375 58.8475
687.5 62.0945
687.625 58.875
687.75 64.0817
687.875 63.6699
688 65.0751
688.125 62.9872
688.25 66.7056
688.375 67.366
688.5 68.3769
688.625 66.0402
688.75 64.9908
688.875 63.9172
689 68.077
689.125 53.7196
689.25 67.0243
689.375 65.0992
689.5 62.4714
689.625 69.1033
689.75 64.4234
689.875 63.5892
690 69.9716
690.125 65.2923
690.25 56.683
690.375 68.1077
690.5 69.6214
690.625 63.9538
690.75 66.2535
690.875 69.9003
691 66.2681
691.125 65.8846
691.25 69.6803
691.375 67.7331
691.5 59.5978
691.625 64.7462
691.75 69.8509
691.875 69.8827
692 67.5643
692.125 67.5691
692.25 69.9342
692.375 66.0774
692.5 55.5434
692.625 63.7748
692.75 69.9845
692.875 69.1086
693 69.8022
693.125 65.4019
693.25 69.8539
693.375 68.6633
693.5 69.1441
693.625 68.4549
693.75 68.9387
693.875 69.9776
694 65.6308
694.125 62.2181
694.25 64.8392
694.375 66.4129
694.5 69.6385
694.625 67.8817
694.75 70.0505
694.875 69.0278
695 62.9404
695.125 54.9168
695.25 64.9259
695.375 69.0892
695.5 68.5222
695.625 69.4782
695.75 69.5036
695.875 65.435
696 69.8854
696.125 68.0153
696.25 69.5315
696.375 67.8706
696.5 70.0876
696.625 69.309
696.75 69.7001
696.875 69.5812
697 68.7606
697.125 65.5689
697.25 67.7118
697.375 69.4516
697.5 69.6135
697.625 69.6194
697.75 69.4699
697.875 66.5222
698 60.0637
698.125 66.6803
698.25 69.6208
698.375 68.9556
698.5 69.6528
698.625 69.5028
698.75 69.3615
698.875 67.7392
699 69.3479
699.125 67.3396
699.25 68.7121
699.375 69.8931
699.5 68.3833
699.625 68.5718
699.75 69.9673
699.875 69.548
700 68.9611
700.125 67.2803
700.25 69.7159
700.375 69.2637
700.5 69.1367
700.625 64.7347
700.75 67.4265
700.875 69.529
701 69.6518
701.125 69.3961
701.25 68.0008
701.375 64.1506
701.5 68.5716
701.625 69.7219
701.75 68.39
701.875 67.1605
702 69.8191
702.125 69.2367
702.25 69.2237
702.375 69.7419
702.5 67.6002
702.625 69.5345
702.75 70.0678
702.875 68.2045
703 67.8733
703.125 69.7755
703.25 70.054
703.375 70.1682
703.5 70.2575
703.625 70.2596
703.75 70.3707
703.875 69.8305
704 69.5659
704.125 68.2796
704.25 70.1183
704.375 68.7414
704.5 70.3805
704.625 70.5381
704.75 70.4008
704.875 69.0357
705 67.8093
705.125 69.5608
705.25 69.0699
705.375 69.8527
705.5 69.2139
705.625 70.5332
705.75 70.8021
705.875 69.9804
706 70.6021
706.125 70.7244
706.25 70.2722
706.375 70.3834
706.5 70.1416
706.625 70.2886
706.75 69.7905
706.875 70.3109
707 70.5894
707.125 70.5633
707.25 70.7313
707.375 70.9923
707.5 70.7722
707.625 70.9237
707.75 71.1878
707.875 71.5368
708 70.1824
708.125 70.7723
708.25 71.1676
708.375 70.3775
708.5 70.3535
708.625 71.2078
708.75 71.1437
708.875 70.7406
709 69.1622
709.125 69.815
709.25 70.6175
709.375 70.7786
709.5 70.9027
709.625 71.0121
709.75 71.0368
709.875 71.1192
710 71.0997
710.125 70.9416
710.25 70.928
710.375 70.8119
710.5 71.0339
710.625 71.0391
710.75 70.9803
710.875 70.8761
711 71.0101
711.125 70.9306
711.25 71.1351
711.375 70.7789
711.5 71.147
711.625 71.0825
711.75 70.9484
711.875 71.0307
712 70.5416
712.125 70.9446
712.25 71.026
712.375 70.7121
712.5 70.6438
712.625 70.7953
712.75 70.4942
712.875 69.8744
713 69.4173
713.125 69.9221
713.25 70.2569
713.375 70.0189
713.5 69.3482
713.625 70.085
713.75 70.7183
713.875 70.6147
714 70.2534
714.125 70.7735
714.25 70.1673
714.375 69.8598
714.5 68.9783
714.625 70.018
714.75 69.6282
714.875 69.9285
715 69.1741
715.125 69.8175
715.25 69.7076
715.375 70.5507
715.5 70.8997
715.625 71.0525
715.75 70.8896
715.875 70.4141
716 70.7367
716.125 69.624
716.25 70.8977
716.375 69.8107
716.5 70.2663
716.625 69.0628
716.75 69.7633
716.875 67.8959
717 65.714
717.125 69.6183
717.25 64.2612
717.375 69.8564
717.5 60.8133
717.625 66.0309
717.75 67.5332
717.875 62.3106
718 63.0742
718.125 68.583
718.25 68.9929
718.375 60.0265
718.5 69.1503
718.625 57.338
718.75 66.6599
718.875 53.7824
719 65.0841
719.125 68.6475
719.25 69.0465
719.375 56.7109
719.5 63.3948
719.625 63.848
719.75 64.6968
719.875 66.6018
720 62.0851
720.125 68.7697
720.25 58.0043
720.375 61.7506
720.5 68.4785
720.625 58.8477
720.75 68.6078
720.875 60.7625
721 69.1175
721.125 65.6638
721.25 69.1758
721.375 68.6807
721.5 70.224
721.625 69.9025
721.75 69.9093
721.875 67.0823
722 69.0707
722.125 70
722.25 70.3733
722.375 70.3027
722.5 67.7211
722.625 68.0241
722.75 70.2977
722.875 69.9168
723 66.0672
723.125 69.748
723.25 69.4639
723.375 67.344
723.5 61.2022
723.625 59.1998
723.75 65.802
723.875 66.8384
724 65.9108
724.125 53.648
724.25 38.7059
724.375 57.4941
724.5 62.1193
724.625 55.8116
724.75 44.6191
724.875 55.1306
725 67.2922
725.125 66.4809
725.25 66.1001
725.375 63.9635
725.5 52.0004
725.625 62.762
725.75 66.4069
725.875 66.4046
726 65.0407
726.125 68.6142
726.25 66.6163
726.375 66.4182
726.5 67.0786
726.625 63.3214
726.75 60.5807
726.875 69.4184
727 67.9229
727.125 66.4371
727.25 66.9732
727.375 69.2776
727.5 60.7779
727.625 67.2999
727.75 48.7103
727.875 34.5493
728 51.8972
728.125 67.2213
728.25 67.0712
728.375 64.8141
728.5 62.6538
728.625 53.5415
728.75 62.915
728.875 65.7952
729 62.0913
729.125 67.6883
729.25 58.5815
729.375 64.3051
729.5 65.614
729.625 65.914
729.75 59.7233
729.875 66.0382
730 68.3411
730.125 66.9388
730.25 66.5473
730.375 67.0494
730.5 59.5574
730.625 51.241
730.75 64.1142
730.875 68.1282
731 68.3109
731.125 61.6811
731.25 64.7979
731.375 66.6991
731.5 65.111
731.625 68.4314
731.75 56.494
731.875 41.6336
732 55.0838
732.125 65.959
732.25 68.3539
732.375 69.2729
732.5 69.4171
732.625 67.4336
732.75 69.5279
732.875 67.5831
733 63.9023
733.125 55.4099
733.25 62.6894
733.375 68.9915
733.5 67.442
733.625 67.685
733.75 67.8054
733.875 69.6361
734 69.5212
734.125 58.3365
734.25 42.1106
734.375 57.4978
734.5 69.1542
734.625 66.6143
734.75 68.0857
734.875 68.0864
735 67.6193
735.125 66.5735
735.25 67.0849
735.375 67.8636
735.5 67.7202
735.625 67.7511
735.75 68.2657
735.875 66.9667
736 64.6109
736.125 55.2691
736.25 62.6902
736.375 68.0803
736.5 68.7351
736.625 67.3662
736.75 67.7295
736.875 69.0491
737 59.0248
737.125 43.4762
737.25 59.7292
737.375 68.728
737.5 69.0257
737.625 68.0042
737.75 69.2368
737.875 69.185
738 68.2851
738.125 69.2052
738.25 69.0482
738.375 68.2233
738.5 67.4598
738.625 67.5176
738.75 68.7939
738.875 68.4742
739 68.4033
739.125 68.2963
739.25 64.4828
739.375 57.2577
739.5 65.623
739.625 68.6642
739.75 68.2737
739.875 67.9606
740 68.7827
740.125 68.6903
740.25 62.9971
740.375 51.4163
740.5 63.128
740.625 68.9482
740.75 69.1372
740.875 68.8256
741 68.9031
741.125 69.0689
741.25 68.2891
741.375 68.1694
741.5 68.4951
741.625 68.5446
741.75 68.8828
741.875 68.5655
742 68.738
742.125 69.1637
742.25 69.254
742.375 69.2841
742.5 68.6274
742.625 69.1411
742.75 69.3909
742.875 69.6749
743 65.5541
743.125 56.5927
743.25 65.5588
743.375 69.5097
743.5 69.5955
743.625 69.5879
743.75 69.4075
743.875 67.4288
744 61.282
744.125 61.4324
744.25 67.0821
744.375 68.7086
744.5 68.8062
744.625 68.673
744.75 68.8848
744.875 68.9748
745 69.0568
745.125 69.0654
745.25 69.1636
745.375 69.1118
745.5 69.3152
745.625 69.3429
745.75 69.3035
745.875 69.186
746 68.7187
746.125 69.1704
746.25 69.2364
746.375 68.4357
746.5 67.2787
746.625 68.5035
746.75 67.5275
746.875 65.1415
747 68.1608
747.125 68.9369
747.25 66.081
747.375 63.6815
747.5 65.8855
747.625 61.8418
747.75 66.9708
747.875 68.6411
748 67.1007
748.125 61.8462
748.25 64.0431
748.375 65.3011
748.5 59.5889
748.625 65.8507
748.75 68.4931
748.875 68.1624
749 68.0594
749.125 68.5011
749.25 68.5504
749.375 68.464
749.5 67.447
749.625 64.6453
749.75 67.7121
749.875 68.9719
750 68.8809
750.125 68.5325
750.25 68.8651
750.375 68.8908
750.5 68.9999
750.625 69.035
750.75 68.9335
750.875 68.8315
751 68.8241
751.125 68.8225
751.25 69.0104
751.375 69.1903
751.5 69.1901
751.625 69.1788
751.75 68.7476
751.875 67.199
752 67.3415
752.125 68.7705
752.25 68.9092
752.375 67.8214
752.5 59.3595
752.625 48.7024
752.75 60.1983
752.875 67.8388
753 67.8347
753.125 65.3782
753.25 58.1476
753.375 65.4847
753.5 68.5926
753.625 68.6176
753.75 68.3909
753.875 68.1348
754 68.244
754.125 67.7602
754.25 65.7666
754.375 67.665
754.5 68.3474
754.625 68.3553
754.75 68.2913
754.875 68.0524
755 68.3058
755.125 68.374
755.25 68.4095
755.375 68.4123
755.5 67.916
755.625 68.4271
755.75 68.6299
755.875 66.8766
756 62.1377
756.125 66.8249
756.25 68.3923
756.375 68.3404
756.5 68.5418
756.625 68.4533
756.75 68.5208
756.875 67.9625
757 66.4229
757.125 67.8654
757.25 63.0945
757.375 52.3443
757.5 62.4394
757.625 65.4056
757.75 67.6635
757.875 68.4612
758 68.4703
758.125 68.4645
758.25 68.589
758.375 68.7119
758.5 68.7094
758.625 68.6711
758.75 66.6976
758.875 61.4736
759 66.7722
759.125 68.8129
759.25 68.7709
759.375 68.6684
759.5 68.6335
759.625 52.4667
759.75 46.4675
759.875 42.3036
760 38.0551
760.125 39.3301
760.25 31.3624
760.375 36.3645
760.5 38.5293
760.625 28.3179
760.75 37.487
760.875 35.4279
761 37.8972
761.125 37.2134
761.25 39.2539
761.375 43.6085
761.5 40.8273
761.625 60.3669
761.75 45.8854
761.875 55.2695
762 60.8831
762.125 64.8591
762.25 55.9731
762.375 56.894
762.5 48.0045
762.625 41.3387
762.75 61.7906
762.875 45.0281
763 32.204
763.125 54.053
763.25 50.3661
763.375 34.9661
763.5 56.2303
763.625 63.0575
763.75 39.8233
763.875 43.3012
764 64.8685
764.125 48.445
764.25 39.2643
764.375 61.9625
764.5 64.7939
764.625 45.3411
764.75 44.9969
764.875 64.8875
765 65.2644
765.125 47.9798
765.25 49.4716
765.375 65.2252
765.5 62.351
765.625 51.1118
765.75 52.8342
765.875 66.9301
766 67.1541
766.125 56.5552
766.25 54.7224
766.375 62.4232
766.5 62.8395
766.625 65.1324
766.75 54.4691
766.875 65.4849
767 67.8616
767.125 67.9529
767.25 61.9199
767.375 61.3722
767.5 67.6039
767.625 67.8375
767.75 67.9027
767.875 63.6929
768 63.6811
768.125 67.9163
768.25 67.5033
768.375 66.514
768.5 64.4756
768.625 63.8718
768.75 66.6339
768.875 66.2049
769 66.353
769.125 65.2231
769.25 64.7621
769.375 64.3169
769.5 66.5317
769.625 67.1456
769.75 66.1768
769.875 66.1121
770 66.2913
770.125 63.7245
770.25 64.8641
770.375 66.3613
770.5 66.5652
770.625 66.5319
770.75 66.9962
770.875 66.8877
771 66.8762
771.125 66.7619
771.25 61.716
771.375 49.3201
771.5 46.5875
771.625 56.4238
771.75 48.8869
771.875 43.7312
772 51.4015
772.125 63.4608
772.25 66.423
772.375 66.5158
772.5 65.0926
772.625 60.2369
772.75 62.429
772.875 57.9843
773 64.2374
773.125 66.6948
773.25 66.6119
773.375 66.9409
773.5 66.7081
773.625 64.6245
773.75 63.1228
773.875 65.9411
774 66.4514
774.125 66.4765
774.25 65.8145
774.375 65.6593
774.5 66.2688
774.625 66.0317
774.75 65.3077
774.875 65.5471
775 63.7965
775.125 49.1613
775.25 36.9354
775.375 53.2173
775.5 64.9841
775.625 66.3383
775.75 65.5152
775.875 62.6299
776 65.6307
776.125 59.8807
776.25 47.4626
776.375 59.8346
776.5 66.5351
776.625 66.6822
776.75 66.8027
776.875 66.7474
777 66.282
777.125 65.3287
777.25 65.8896
777.375 63.7438
777.5 59.996
777.625 59.6208
777.75 64.104
777.875 65.9971
778 65.9754
778.125 61.4581
778.25 52.8016
778.375 61.7522
778.5 65.9149
778.625 65.5846
778.75 64.8143
778.875 65.6577
779 65.8085
779.125 65.3116
779.25 64.3692
779.375 63.8249
779.5 54.2849
779.625 39.1004
779.75 54.4271
779.875 65.6268
780 65.872
780.125 65.765
780.25 65.8135
780.375 66.0753
780.5 65.8972
780.625 65.5407
780.75 65.7311
780.875 63.741
781 56.3377
781.125 51.7907
781.25 61.2817
781.375 65.0242
781.5 64.7428
781.625 64.8639
781.75 64.3384
781.875 65.4086
782 65.5212
782.125 64.1043
782.25 51.6183
782.375 35.5973
782.5 51.9117
782.625 64.8135
782.75 65.2431
782.875 65.3917
783 64.7874
783.125 64.1031
783.25 64.9703
783.375 65.0432
783.5 64.746
783.625 63.9053
783.75 64.6381
783.875 65.0532
784 65.0385
784.125 64.5753
784.25 59.6844
784.375 49.6629
784.5 59.8782
784.625 64.7713
784.75 64.8312
784.875 64.7753
785 64.4325
785.125 61.228
785.25 57.8413
785.375 55.528
785.5 41.3737
785.625 39.6666
785.75 55.8353
785.875 63.1195
786 58.4653
786.125 57.8942
786.25 48.135
786.375 59.154
786.5 64.8038
786.625 64.752
786.75 64.7429
786.875 61.6224
787 55.6494
787.125 56.3106
787.25 45.6871
787.375 58.2319
787.5 64.0134
787.625 64.8262
787.75 64.4968
787.875 63.1589
788 59.7109
788.125 52.1633
788.25 57.1518
788.375 53.662
788.5 60.7105
788.625 63.6651
788.75 62.6818
788.875 61.3632
789 59.1497
789.125 50.475
789.25 59.109
789.375 61.3489
789.5 62.2606
789.625 61.3037
789.75 60.8535
789.875 61.6149
790 62.753
790.125 62.6332
790.25 62.7976
790.375 61.066
790.5 61.5995
790.625 62.8081
790.75 62.7658
790.875 62.4609
791 62.8935
791.125 60.0742
791.25 61.5971
791.375 60.0679
791.5 44.2768
791.625 31.6952
791.75 46.6965
791.875 62.1921
792 61.2584
792.125 59.1409
792.25 52.2869
792.375 41.5868
792.5 54.2336
792.625 60.7073
792.75 62.6271
792.875 62.4738
793 61.2824
793.125 56.8233
793.25 51.1714
793.375 47.5604
793.5 57.7634
793.625 61.5776
793.75 61.8274
793.875 62.2244
794 62.0608
794.125 61.9727
794.25 61.9682
794.375 61.0573
794.5 61.166
794.625 61.3341
794.75 60.8112
794.875 60.7869
795 56.7858
795.125 47.8906
795.25 57.391
795.375 61.7798
795.5 61.6604
795.625 61.8479
795.75 62.6918
795.875 62.6221
796 62.3431
796.125 61.6954
796.25 61.1005
796.375 61.9093
796.5 47.4532
796.625 33.7129
796.75 49.9438
796.875 61.4361
797 56.6602
797.125 61.1166
797.25 63.0531
797.375 62.1834
797.5 62.8294
797.625 62.8696
797.75 61.6381
797.875 57.6747
798 57.8861
798.125 56.8815
798.25 46.3749
798.375 57.4229
798.5 62.8828
798.625 61.7559
798.75 62.7641
798.875 61.4603
799 61.2386
799.125 62.3431
799.25 61.2682
799.375 48.6651
799.5 33.4632
799.625 48.0537
799.75 61.1328
799.875 61.3985
800 60.1453
800.125 61.0703
800.25 60.411
800.375 62.0026
800.5 61.9824
800.625 62.2125
800.75 62.1735
800.875 62.4776
801 59.8245
801.125 62.6853
801.25 62.0645
801.375 61.8911
801.5 56.3936
801.625 48.8519
801.75 57.4816
801.875 61.3559
802 61.3881
802.125 60.8211
802.25 57.6151
802.375 60.6002
802.5 60.6782
802.625 54.2186
802.75 41.074
802.875 41.2823
803 52.6789
803.125 57.1565
803.25 60.3266
803.375 59.7421
803.5 61.2771
803.625 59.984
803.75 61.0041
803.875 60.6268
804 61.6082
804.125 60.9285
804.25 61.0825
804.375 60.8062
804.5 60.1899
804.625 60.3906
804.75 60.3075
804.875 61.0319
805 61.2926
805.125 60.5575
805.25 56.7999
805.375 51.2258
805.5 57.8216
805.625 61.0304
805.75 61.099
805.875 61.2516
806 61.4301
806.125 60.7173
806.25 58.1995
806.375 49.5388
806.5 49.1646
806.625 58.3032
806.75 60.8968
806.875 60.9265
807 60.9779
807.125 61.2211
807.25 60.4879
807.375 61.0971
807.5 61.1233
807.625 60.7349
807.75 60.199
807.875 60.0198
808 60.0724
808.125 60.5124
808.25 60.8986
808.375 60.7116
808.5 60.4928
808.625 59.3794
808.75 57.8643
808.875 60.516
809 60.7879
809.125 60.7376
809.25 60.1554
809.375 60.4438
809.5 59.3221
809.625 54.7653
809.75 58.4917
809.875 59.4839
810 60.3108
810.125 59.7463
810.25 60.5702
810.375 57.3466
810.5 51.0791
810.625 57.8352
810.75 59.9532
810.875 60.2902
811 59.4076
811.125 60.3678
811.25 59.8632
811.375 60.7284
811.5 59.8805
811.625 58.2663
811.75 60.9108
811.875 61.1889
812 60.7302
812.125 59.9406
812.25 60.4746
812.375 60.2566
812.5 59.2992
812.625 60.7179
812.75 59.756
812.875 60.0973
813 61.0791
813.125 61.5438
813.25 56.7658
813.375 59.5363
813.5 60.1093
813.625 54.3768
813.75 56.7626
813.875 58.4416
814 59.9516
814.125 58.1014
814.25 54.4477
814.375 55.9685
814.5 60.9307
814.625 57.1637
814.75 60.3352
814.875 53.3938
815 52.9344
815.125 55.4282
815.25 56.5764
815.375 60.4653
815.5 55.5853
815.625 52.7918
815.75 55.9873
815.875 60.2154
816 53.6497
816.125 60.098
816.25 60.271
816.375 48.086
816.5 52.2864
816.625 50.8353
816.75 55.1113
816.875 59.8798
817 60.1241
817.125 50.5172
817.25 50.848
817.375 59.8694
817.5 59.4203
817.625 59.4294
817.75 59.0123
817.875 50.2787
818 50.8733
818.125 50.5739
818.25 58.7681
818.375 52.0469
818.5 56.799
818.625 58.5227
818.75 58.8277
818.875 52.29
819 57.374
819.125 47.0795
819.25 58.0365
819.375 58.4142
819.5 50.1566
819.625 57.1573
819.75 56.7239
819.875 58.4818
820 48.5573
820.125 56.8124
820.25 52.0174
820.375 59.1671
820.5 59.7245
820.625 59.6737
820.75 58.6199
820.875 59.2477
821 58.9304
821.125 58.0994
821.25 58.0859
821.375 57.8657
821.5 57.3516
821.625 58.3723
821.75 58.7755
821.875 58.9781
822 53.4438
822.125 58.7925
822.25 58.9655
822.375 55.0787
822.5 58.9081
822.625 53.3712
822.75 56.0176
822.875 50.1173
823 43.1729
823.125 48.119
823.25 53.1328
823.375 43.7014
823.5 59.4973
823.625 52.0143
823.75 59.0231
823.875 59.0027
824 57.1689
824.125 59.8255
824.25 57.1008
824.375 58.8293
824.5 56.4423
824.625 53.4436
824.75 60.2894
824.875 59.4899
825 58.6197
825.125 59.6078
825.25 60.0775
825.375 60.0455
825.5 56.6115
825.625 59.8235
825.75 59.2073
825.875 50.4274
826 59.3135
826.125 58.7761
826.25 55.8426
826.375 59.9869
826.5 59.0586
826.625 56.6401
826.75 59.6784
826.875 59.8576
827 59.8787
827.125 59.0067
827.25 59.7452
827.375 55.8519
827.5 57.7203
827.625 50.9496
827.75 58.6312
827.875 49.2824
828 49.0069
828.125 48.8232
828.25 48.2576
828.375 34.1211
828.5 46.614
828.625 57.9817
828.75 56.0276
828.875 49.3185
829 37.2118
829.125 32.3668
829.25 46.7884
829.375 57.9115
829.5 59.2299
829.625 49.7018
829.75 52.1374
829.875 45.0924
830 45.5969
830.125 33.842
830.25 41.2452
830.375 56.9743
830.5 56.6064
830.625 53.7764
830.75 50.4572
830.875 58.4937
831 58.1903
831.125 53.5985
831.25 44.1732
831.375 49.79
831.5 58.238
831.625 57.4998
831.75 58.4288
831.875 54.7541
832 51.3752
832.125 56.2326
832.25 57.5081
832.375 46.1453
832.5 58.1897
832.625 58.0904
832.75 57.8951
832.875 57.0086
833 57.7378
833.125 56.3679
833.25 54.5959
833.375 57.8177
833.5 56.7402
833.625 55.2766
833.75 56.5984
833.875 57.3504
834 56.7911
834.125 50.0958
834.25 57.8437
834.375 53.5795
834.5 44.3163
834.625 36.7041
834.75 23.2276
834.875 38.1622
835 57.3439
835.125 54.6274
835.25 53.8484
835.375 48.1314
835.5 34.7687
835.625 46.9654
835.75 57.7156
835.875 56.7759
836 56.6638
836.125 57.8341
836.25 56.2034
836.375 54.1485
836.5 52.8494
836.625 49.8651
836.75 49.6886
836.875 55.1311
837 56.2773
837.125 58.3039
837.25 58.1392
837.375 58.5575
837.5 58.2344
837.625 56.9336
837.75 58.2158
837.875 56.1181
838 57.6678
838.125 57.1959
838.25 53.8191
838.375 49.7103
838.5 38.7167
838.625 49.8939
838.75 56.8937
838.875 57.5731
839 57.325
839.125 57.5999
839.25 57.1425
839.375 57.2044
839.5 58.1799
839.625 57.5045
839.75 57.9661
839.875 57.8941
840 40.0272
840.125 25.4872
840.25 40.0014
840.375 57.9028
840.5 58.3912
840.625 58.3054
840.75 57.5484
840.875 58.6381
841 58.405
841.125 57.2954
841.25 58.1935
841.375 58.2435
841.5 58.2047
841.625 49.681
841.75 35.7789
841.875 49.1344
842 57.2675
842.125 57.0991
842.25 57.7664
842.375 57.6378
842.5 56.9193
842.625 56.9279
842.75 56.9815
842.875 56.0843
843 54.9183
843.125 39.9432
843.25 24.9068
843.375 39.6511
843.5 55.3826
843.625 54.9672
843.75 56.84
843.875 56.7863
844 57.3837
844.125 57.7639
844.25 57.8007
844.375 58.1488
844.5 57.8257
844.625 58.1944
844.75 57.8388
844.875 57.212
845 58.1107
845.125 58.2833
845.25 58.102
845.375 50.3775
845.5 38.2378
845.625 50.4578
845.75 58.3216
845.875 58.4619
846 58.5809
846.125 58.5789
846.25 57.4294
846.375 57.4994
846.5 57.2555
846.625 42.4851
846.75 27.417
846.875 42.3582
847 57.5654
847.125 57.9028
847.25 58.0005
847.375 58.1054
847.5 58.101
847.625 57.3303
847.75 55.8051
847.875 57.6857
848 58.1087
848.125 58.2445
848.25 57.8845
848.375 58.2381
848.5 58.1497
848.625 58.2397
848.75 58.057
848.875 57.508
849 57.7853
849.125 57.7961
849.25 57.15
849.375 56.0339
849.5 50.2506
849.625 39.3608
849.75 49.4035
849.875 53.7428
850 54.2118
850.125 54.8145
850.25 55.1219
850.375 54.7986
850.5 54.134
850.625 46.1012
850.75 33.6209
850.875 46.9775
851 56.5643
851.125 56.7413
851.25 56.6544
851.375 56.2465
851.5 56.165
851.625 56.6798
851.75 56.7359
851.875 56.662
852 56.7872
852.125 56.3641
852.25 54.78
852.375 55.9677
852.5 56.1313
852.625 56.3066
852.75 55.6396
852.875 54.9264
853 55.0875
853.125 55.0808
853.25 53.9251
853.375 52.9295
853.5 53.0158
853.625 53.0075
853.75 51.429
853.875 49.8272
854 41.8269
854.125 30.2075
854.25 41.396
854.375 48.9116
854.5 50.0341
854.625 50.2479
854.75 51.8847
854.875 53.2141
855 49.0657
855.125 40.5073
855.25 50.0047
855.375 55.2791
855.5 55.3148
855.625 55.0589
855.75 55.683
855.875 56.1075
856 56.2217
856.125 56.1426
856.25 56.3011
856.375 56.4282
856.5 56.3068
856.625 56.3944
856.75 56.3261
856.875 56.2523
857 56.2418
857.125 56.1229
857.25 56.1114
857.375 55.8011
857.5 54.8677
857.625 53.3422
857.75 54.7615
857.875 55.7253
858 55.5047
858.125 55.9335
858.25 56.0175
858.375 55.9014
858.5 55.9524
858.625 55.9667
858.75 55.9656
858.875 55.3077
859 53.0635
859.125 53.2136
859.25 55.2816
859.375 55.8038
859.5 55.8955
859.625 55.9128
859.75 55.0105
859.875 51.8546
860 51.8124
860.125 55.0354
860.25 55.7832
860.375 55.6263
860.5 55.5414
860.625 55.2336
860.75 55.2629
860.875 54.9959
861 54.9226
861.125 54.6581
861.25 54.32
861.375 54.7153
861.5 53.8152
861.625 54.0588
861.75 52.0831
861.875 53.9364
862 52.3697
862.125 50.5329
862.25 50.2585
862.375 48.5304
862.5 49.3495
862.625 52.087
862.75 47.1419
862.875 45.9927
863 44.578
863.125 46.4989
863.25 51.1973
863.375 45.6546
863.5 46.4602
863.625 51.4814
863.75 46.5788
863.875 48.0589
864 52.8785
864.125 50.1623
864.25 51.9096
864.375 54.0203
864.5 54.8558
864.625 55.5057
864.75 52.7869
864.875 46.6966
865 52.1405
865.125 51.5002
865.25 42.5474
865.375 41.5233
865.5 47.0595
865.625 42.9275
865.75 45.6871
865.875 39.2877
866 44.0441
866.125 38.4436
866.25 37.3577
866.375 46.7201
866.5 47.3685
866.625 38.4008
866.75 38.8067
866.875 49.1554
867 49.814
867.125 41.9928
867.25 41.994
867.375 50.8725
867.5 54.0217
867.625 51.9295
867.75 45.6761
867.875 45.7399
868 52.5842
868.125 53.3683
868.25 48.3744
868.375 48.2214
868.5 53.3095
868.625 54.7595
868.75 53.6563
868.875 50.0715
869 49.7718
869.125 53.1885
869.25 53.8917
869.375 52.1243
869.5 51.8855
869.625 54.0074
869.75 54.5934
869.875 54.3466
870 53.3545
870.125 52.5892
870.25 51.7357
870.375 54.135
870.5 54.7391
870.625 54.3033
870.75 53.8357
870.875 52.2852
871 52.6498
871.125 54.5032
871.25 54.8407
871.375 54.9502
871.5 54.8648
871.625 55.0118
871.75 55.0934
871.875 55.0372
872 54.9269
872.125 54.9673
872.25 54.8931
872.375 54.7107
872.5 54.6996
872.625 54.6802
872.75 54.3512
872.875 53.4839
873 54.2896
873.125 54.5511
873.25 54.4256
873.375 54.2902
873.5 54.2796
873.625 54.2698
873.75 54.2225
873.875 54.0638
874 53.4156
874.125 53.343
874.25 53.3604
874.375 54.1828
874.5 53.9833
874.625 54.3911
874.75 54.4138
874.875 54.2327
875 54.1484
875.125 53.9913
875.25 53.0664
875.375 53.6189
875.5 53.8678
875.625 53.8612
875.75 53.7412
875.875 53.53
876 48.4819
876.125 37.9005
876.25 34.976
876.375 26.7649
876.5 39.8156
876.625 51.1524
876.75 46.7699
876.875 31.3889
877 25.0576
877.125 38.4529
877.25 50.5457
877.375 52.6802
877.5 53.1214
877.625 52.8089
877.75 45.0883
877.875 33.7946
878 35.9476
878.125 25.5653
878.25 39.3979
878.375 53.3017
878.5 53.6255
878.625 53.6464
878.75 53.4436
878.875 53.2467
879 53.2512
879.125 52.4626
879.25 43.996
879.375 33.8372
879.5 45.3668
879.625 52.6856
879.75 52.8337
879.875 52.8378
880 52.8277
880.125 52.8173
880.25 52.2722
880.375 51.7892
880.5 51.8065
880.625 51.8295
880.75 52.1148
880.875 52.2527
881 51.633
881.125 49.1644
881.25 48.9099
881.375 51.9697
881.5 53.0206
881.625 53.0343
881.75 53.2101
881.875 53.3854
882 53.379
882.125 53.2356
882.25 52.9898
882.375 53.1476
882.5 52.966
882.625 47.6697
882.75 37.7494
882.875 29.3939
883 17.537
883.125 30.4704
883.25 51.0909
883.375 46.7522
883.5 42.8115
883.625 48.0544
883.75 38.5264
883.875 25.4221
884 38.5708
884.125 52.3071
884.25 53.3582
884.375 53.5787
884.5 53.5572
884.625 52.8552
884.75 50.8549
884.875 52.522
885 52.8013
885.125 47.5146
885.25 37.3271
885.375 47.4639
885.5 52.9502
885.625 53.1493
885.75 53.0203
885.875 52.8153
886 52.1072
886.125 52.2105
886.25 51.8937
886.375 49.6872
886.5 49.4015
886.625 50.5347
886.75 51.4759
886.875 40.3913
887 27.8741
887.125 40.6873
887.25 51.7466
887.375 52.0578
887.5 52.0312
887.625 52.1067
887.75 51.9948
887.875 51.8851
888 51.8311
888.125 50.8251
888.25 51.7471
888.375 51.8045
888.5 51.6641
888.625 51.0839
888.75 31.4563
888.875 18.5454
889 31.4631
889.125 49.8318
889.25 50.5472
889.375 51.7832
889.5 52.0568
889.625 51.4954
889.75 50.1589
889.875 50.2633
890 51.0873
890.125 51.6831
890.25 51.4838
890.375 39.8004
890.5 26.7397
890.625 39.3999
890.75 51.2598
890.875 51.6933
891 50.8736
891.125 49.4426
891.25 49.9082
891.375 51.4263
891.5 52.0727
891.625 51.9782
891.75 51.5321
891.875 51.2455
892 49.9346
892.125 30.9588
892.25 17.7675
892.375 30.503
892.5 50.2799
892.625 50.8766
892.75 51.0039
892.875 49.1127
893 48.4936
893.125 48.5085
893.25 48.4296
893.375 50.7031
893.5 50.6962
893.625 47.9487
893.75 50.2133
893.875 49.8565
894 50.6272
894.125 50.7379
894.25 48.4281
894.375 50.2435
894.5 38.2698
894.625 27.0522
894.75 40.1749
894.875 46.9329
895 50.2442
895.125 48.4264
895.25 51.0885
895.375 49.0553
895.5 48.1972
895.625 48.0778
895.75 43.3802
895.875 38.4484
896 23.2845
896.125 22.2264
896.25 39.3496
896.375 50.5586
896.5 40.6165
896.625 45.8807
896.75 44.211
896.875 45.1828
897 50.9326
897.125 49.8678
897.25 49.8854
897.375 33.7363
897.5 47.5278
897.625 47.1518
897.75 44.8242
897.875 48.0547
898 49.7475
898.125 50.0241
898.25 39.9034
898.375 42.6823
898.5 48.3929
898.625 49.4454
898.75 48.9189
898.875 38.3399
899 24.6649
899.125 23.3768
899.25 37.9071
899.375 27.7999
899.5 38.6037
899.625 48.1221
899.75 49.4023
899.875 49.5016
900 49.2815
900.125 48.7813
900.25 22.4654
900.375 20.0747
900.5 36.1843
900.625 34.3581
900.75 49.052
900.875 46.8919
901 38.1596
901.125 46.558
901.25 48.9601
901.375 42.8061
901.5 44.4929
901.625 48.4144
901.75 49.0514
901.875 34.4982
902 43.1168
902.125 48.5782
902.25 48.4737
902.375 47.3659
902.5 37.6063
902.625 48.829
902.75 46.5614
902.875 37.4094
903 49.1645
903.125 46.9809
903.25 47.6334
903.375 43.246
903.5 49.5156
903.625 50.0997
903.75 48.8509
903.875 45.7333
904 37.1478
904.125 45.5693
904.25 47.9302
904.375 49.276
904.5 42.5976
904.625 49.0491
904.75 49.8634
904.875 49.948
905 43.3396
905.125 34.3745
905.25 35.4169
905.375 43.5109
905.5 42.7745
905.625 47.8527
905.75 49.1603
905.875 48.56
906 48.4408
906.125 49.1225
906.25 43.2596
906.375 46.985
906.5 43.2026
906.625 42.4629
906.75 47.3759
906.875 46.9581
907 46.9807
907.125 34.8008
907.25 45.1829
907.375 41.4744
907.5 38.5726
907.625 41.9361
907.75 45.3107
907.875 46.9719
908 47.1938
908.125 42.4493
908.25 35.7969
908.375 37.2907
908.5 46.4608
908.625 46.3848
908.75 45.24
908.875 39.1287
909 37.5946
909.125 46.6367
909.25 41.3179
909.375 44.6166
909.5 34.7228
909.625 38.1931
909.75 41.8559
909.875 46.4014
910 45.9387
910.125 42.3685
910.25 30.6416
910.375 42.2305
910.5 37.9343
910.625 38.018
910.75 36.9328
910.875 42.5614
911 37.2035
911.125 41.8935
911.25 45.9066
911.375 46.2059
911.5 45.3615
911.625 46.0502
911.75 45.2073
911.875 43.5978
912 38.6565
912.125 32.4239
912.25 45.2373
912.375 45.6966
912.5 46.1863
912.625 43.9803
912.75 43.9359
912.875 45.5311
913 42.7139
913.125 40.3766
913.25 34.2585
913.375 40.012
913.5 42.0662
913.625 42.0049
913.75 39.3767
913.875 27.8288
914 39.6811
914.125 45.5197
914.25 43.3402
914.375 44.0786
914.5 44.3733
914.625 41.7158
914.75 43.8269
914.875 43.9064
915 44.1496
915.125 43.8877
915.25 39.8634
915.375 36.5253
915.5 27.128
915.625 38.7236
915.75 35.9207
915.875 32.2273
916 42.5706
916.125 43.4449
916.25 38.1918
916.375 34.2908
916.5 41.2666
916.625 42.5386
916.75 44.6869
916.875 45.0694
917 39.6853
917.125 41.696
917.25 44.0604
917.375 42.678
917.5 39.4614
917.625 34.6249
917.75 34.734
917.875 40.7585
918 40.6062
918.125 41.8904
918.25 44.7912
918.375 42.445
918.5 44.6154
918.625 41.3361
918.75 35.4514
918.875 44.3688
919 44.5075
919.125 45.111
919.25 43.5307
919.375 44.1106
919.5 41.0014
919.625 45.1906
919.75 37.9891
919.875 39.8704
920 44.8761
920.125 43.8952
920.25 44.706
920.375 44.6495
920.5 44.9645
920.625 44.7256
920.75 43.0126
920.875 42.3047
921 41.6267
921.125 42.2589
921.25 43.9219
921.375 44.0372
921.5 41.5507
921.625 43.7431
921.75 37.8668
921.875 40.259
922 33.2355
922.125 43.9743
922.25 43.9588
922.375 44.1965
922.5 41.2901
922.625 39.1478
922.75 35.1372
922.875 43.3412
923 44.1429
923.125 42.843
923.25 41.3507
923.375 42.9885
923.5 41.7939
923.625 43.96
923.75 39.4937
923.875 42.8716
924 41.1819
924.125 38.981
924.25 41.7037
924.375 43.037
924.5 41.326
924.625 41.7775
924.75 38.72
924.875 38.2377
925 42.9251
925.125 42.5236
925.25 41.2026
925.375 38.016
925.5 42.2358
925.625 41.3233
925.75 41.2838
925.875 42.73
926 42.4258
926.125 41.5343
926.25 38.7439
926.375 40.774
926.5 40.8224
926.625 42.5273
926.75 43.5746
926.875 42.5869
927 43.778
927.125 42.3691
927.25 42.6718
927.375 43.6638
927.5 40.2941
927.625 41.3121
927.75 41.9791
927.875 42.2628
928 41.2536
928.125 32.9709
928.25 35.137
928.375 43.0797
928.5 41.426
928.625 42.7784
928.75 33.5806
928.875 36.4701
929 41.2457
929.125 39.1508
929.25 41.5297
929.375 38.0431
929.5 41.476
929.625 39.3881
929.75 29.2908
929.875 0
