480 38.5901
480.125 37.6785
480.25 37.8198
480.375 37.9742
480.5 38.0214
480.625 38.064
480.75 38.1589
480.875 38.2505
481 38.2704
481.125 38.2846
481.25 38.2665
481.375 38.2559
481.5 38.3312
481.625 38.3724
481.75 38.3198
481.875 38.2577
482 38.2596
482.125 38.3126
482.25 38.0496
482.375 38.098
482.5 38.1648
482.625 38.1773
482.75 38.1546
482.875 38.0295
483 37.9237
483.125 38.104
483.25 38.1602
483.375 38.171
483.5 38.2072
483.625 38.2469
483.75 38.343
483.875 38.4414
484 38.4911
484.125 38.5414
484.25 38.5785
484.375 38.5494
484.5 38.6989
484.625 38.7862
484.75 38.6824
484.875 38.5238
485 38.6862
485.125 38.7925
485.25 38.4992
485.375 38.1947
485.5 38.2728
485.625 38.3483
485.75 37.9835
485.875 37.6163
486 37.714
486.125 37.7739
486.25 37.4146
486.375 37.2849
486.5 37.4172
486.625 37.4932
486.75 37.3834
486.875 37.2461
487 37.206
487.125 37.1695
487.25 37.2737
487.375 37.3708
487.5 37.3358
487.625 37.3084
487.75 37.5256
487.875 37.7429
488 37.752
488.125 37.7542
488.25 37.9091
488.375 38.0164
488.5 38.0192
488.625 38.0868
488.75 38.2737
488.875 38.4409
489 38.46
489.125 38.469
489.25 38.704
489.375 38.9367
489.5 38.9528
489.625 38.9669
489.75 39.1705
489.875 39.3786
490 39.3927
490.125 39.4096
490.25 39.4594
490.375 39.5091
490.5 39.4858
490.625 39.3924
490.75 39.3967
490.875 39.3324
491 39.3853
491.125 39.414
491.25 39.1863
491.375 38.9312
491.5 38.9948
491.625 39.0553
491.75 38.7869
491.875 38.4891
492 38.4569
492.125 38.5467
492.25 38.5178
492.375 38.4687
492.5 38.4978
492.625 38.5269
492.75 38.7417
492.875 38.9579
493 38.9882
493.125 39.0123
493.25 39.3406
493.375 39.651
493.5 39.7652
493.625 39.8021
493.75 39.9955
493.875 40.1082
494 40.2868
494.125 40.3245
494.25 40.3938
494.375 40.4622
494.5 40.438
494.625 40.4269
494.75 40.3675
494.875 40.2993
495 40.4092
495.125 40.4904
495.25 40.4124
495.375 40.2817
495.5 40.1893
495.625 40.4051
495.75 40.4439
495.875 40.4167
496 40.4146
496.125 40.4122
496.25 40.5618
496.375 40.7006
496.5 40.6688
496.625 40.6812
496.75 40.7455
496.875 40.9282
497 40.9738
497.125 40.9991
497.25 40.8396
497.375 40.679
497.5 40.6933
497.625 40.6936
497.75 40.4414
497.875 40.1544
498 40.2609
498.125 40.3426
498.25 40.1618
498.375 39.981
498.5 40.0502
498.625 40.1101
498.75 39.9924
498.875 39.8562
499 39.847
499.125 39.8349
499.25 39.7525
499.375 39.654
499.5 39.6742
499.625 39.6699
499.75 39.5637
499.875 39.5428
500 39.6116
500.125 39.6649
500.25 39.4706
500.375 39.2733
500.5 39.3209
500.625 39.3471
500.75 39.1727
500.875 38.9731
501 39.0017
501.125 39.0409
501.25 39.0392
501.375 39.0273
501.5 39.0632
501.625 39.0915
501.75 39.2259
501.875 39.3584
502 39.3452
502.125 39.3248
502.25 39.5369
502.375 39.7177
502.5 39.712
502.625 39.6828
502.75 39.8071
502.875 39.9759
503 39.9012
503.125 39.9488
503.25 39.9618
503.375 39.9684
503.5 39.9493
503.625 39.8146
503.75 39.8564
503.875 39.7234
504 39.8704
504.125 39.9207
504.25 39.9429
504.375 39.8583
504.5 39.885
504.625 40.0669
504.75 40.136
504.875 40.1777
505 40.1534
505.125 40.1492
505.25 40.3105
505.375 40.4122
505.5 40.4125
505.625 40.4293
505.75 40.4915
505.875 40.6433
506 40.7111
506.125 40.7326
506.25 40.7818
506.375 40.8145
506.5 40.8545
506.625 40.89
506.75 40.6281
506.875 40.4921
507 40.5683
507.125 40.635
507.25 40.4386
507.375 40.1317
507.5 40.2509
507.625 40.3079
507.75 40.059
507.875 40.0104
508 39.9425
508.125 40.0188
508.25 40.1625
508.375 40.2462
508.5 40.2129
508.625 40.2699
508.75 40.3537
508.875 40.5818
509 40.6118
509.125 40.6229
509.25 40.6203
509.375 40.6208
509.5 40.669
509.625 40.7049
509.75 40.6088
509.875 40.551
510 40.5577
510.125 40.5625
510.25 40.4933
510.375 40.3937
510.5 40.435
510.625 40.4432
510.75 40.4269
510.875 40.39
511 40.4038
511.125 40.3889
511.25 40.3985
511.375 40.4308
511.5 40.4345
511.625 40.439
511.75 40.4809
511.875 40.539
512 40.5964
512.125 40.6497
512.25 40.619
512.375 40.5734
512.5 40.6382
512.625 40.6907
512.75 40.5193
512.875 40.3423
513 40.3615
513.125 40.3798
513.25 40.1833
513.375 39.982
513.5 40.0025
513.625 40.0212
513.75 39.9071
513.875 39.7896
514 39.8035
514.125 39.8171
514.25 39.8551
514.375 39.8947
514.5 39.9081
514.625 39.9209
514.75 39.9957
514.875 40.0687
515 40.078
515.125 40.0877
515.25 39.9791
515.375 39.8716
515.5 39.8817
515.625 39.9033
515.75 39.505
515.875 39.1219
516 39.2149
516.125 39.3075
516.25 38.5571
516.375 37.7922
516.5 37.8856
516.625 37.9643
516.75 37.0577
516.875 36.1107
517 36.1069
517.125 36.1029
517.25 35.5184
517.375 34.9265
517.5 34.9226
517.625 34.9249
517.75 34.9947
517.875 35.0747
518 35.1128
518.125 35.152
518.25 35.8446
518.375 36.528
518.5 36.568
518.625 36.5934
518.75 37.3448
518.875 37.8312
519 38.0771
519.125 37.9652
519.25 38.8432
519.375 39.5862
519.5 39.5468
519.625 39.5095
519.75 39.615
519.875 38.682
520 37.6146
520.125 38.057
520.25 40.0132
520.375 40.4932
520.5 40.0932
520.625 40.5285
520.75 40.8107
520.875 40.8981
521 40.7401
521.125 40.8843
521.25 41.2999
521.375 41.6643
521.5 41.6579
521.625 41.6577
521.75 42.0753
521.875 42.4213
522 42.5882
522.125 42.6743
522.25 42.9734
522.375 43.13
522.5 42.7523
522.625 43.2119
522.75 43.5188
522.875 43.675
523 43.6702
523.125 43.6652
523.25 43.8401
523.375 43.8942
523.5 44.0684
523.625 44.1196
523.75 44.4575
523.875 44.5931
524 43.9965
524.125 44.5762
524.25 45.13
524.375 45.4782
524.5 45.4729
524.625 45.4748
524.75 45.6117
524.875 45.7511
525 45.7192
525.125 45.5621
525.25 45.4309
525.375 45.1711
525.5 45.1786
525.625 44.9284
525.75 43.5608
525.875 43.6299
526 44.0483
526.125 44.1387
526.25 43.3539
526.375 42.7801
526.5 42.9196
526.625 43.0049
526.75 42.6383
526.875 42.2494
527 42.2192
527.125 42.1769
527.25 42.5271
527.375 42.8774
527.5 42.7908
527.625 42.5109
527.75 43.2061
527.875 44.3281
528 44.4226
528.125 44.418
528.25 45.1573
528.375 45.8862
528.5 45.88
528.625 45.8782
528.75 46.323
528.875 46.7598
529 46.7744
529.125 46.7915
529.25 46.914
529.375 47.0254
529.5 46.9581
529.625 47.0492
529.75 47.1146
529.875 47.0897
530 46.8877
530.125 46.8981
530.25 47.287
530.375 47.5108
530.5 47.5192
530.625 47.5023
530.75 47.5816
530.875 47.8578
531 47.9064
531.125 47.927
531.25 47.8331
531.375 47.6182
531.5 47.4441
531.625 47.7401
531.75 47.5254
531.875 47.2395
532 47.3267
532.125 47.3968
532.25 46.9412
532.375 46.5724
532.5 46.6435
532.625 46.62
532.75 46.2802
532.875 45.9276
533 45.9002
533.125 45.6817
533.25 45.1767
533.375 45.5948
533.5 45.727
533.625 45.7128
533.75 46.032
533.875 46.3698
534 46.4135
534.125 46.4557
534.25 46.9226
534.375 47.3859
534.5 47.4165
534.625 47.4153
534.75 47.8453
534.875 48.2326
535 48.1837
535.125 48.0718
535.25 48.3932
535.375 48.6511
535.5 48.6085
535.625 48.5286
535.75 48.6092
535.875 48.6616
536 48.7209
536.125 48.7801
536.25 48.5658
536.375 48.3501
536.5 48.4082
536.625 48.463
536.75 48.2696
536.875 48.063
537 48.0802
537.125 48.0951
537.25 48.1499
537.375 48.2002
537.5 48.2179
537.625 48.2337
537.75 48.4079
537.875 48.5859
538 48.6012
538.125 48.6124
538.25 48.682
538.375 48.7435
538.5 48.7594
538.625 48.7839
538.75 48.5937
538.875 48.4312
539 48.4699
539.125 48.5115
539.25 48.085
539.375 47.6516
539.5 47.6972
539.625 47.744
539.75 47.3094
539.875 46.8774
540 46.9038
540.125 46.9659
540.25 46.8335
540.375 46.667
540.5 46.7383
540.625 46.7677
540.75 46.9662
540.875 47.1063
541 47.0919
541.125 47.0457
541.25 47.5614
541.375 47.9519
541.5 47.924
541.625 47.8979
541.75 48.3427
541.875 48.7412
542 48.7753
542.125 48.7881
542.25 48.865
542.375 48.9988
542.5 48.9781
542.625 49.0729
542.75 48.9657
542.875 48.843
543 48.8365
543.125 48.8398
543.25 48.8161
543.375 48.8077
543.5 48.7858
543.625 48.7685
543.75 48.8379
543.875 48.9965
544 49.0309
544.125 49.067
544.25 49.2324
544.375 49.3832
544.5 49.4098
544.625 49.4432
544.75 49.6299
544.875 49.8264
545 49.7804
545.125 49.8158
545.25 50.0069
545.375 50.1609
545.5 50.1792
545.625 50.1706
545.75 50.1662
545.875 50.2751
546 50.297
546.125 50.2904
546.25 50.2602
546.375 50.0868
546.5 50.1685
546.625 50.1908
546.75 50.0727
546.875 49.8971
547 49.9607
547.125 49.946
547.25 49.8884
547.375 49.7807
547.5 49.7804
547.625 49.8335
547.75 49.8318
547.875 49.7857
548 49.794
548.125 49.824
548.25 49.9519
548.375 50.0853
548.5 50.098
548.625 50.0889
548.75 50.2742
548.875 50.4286
549 50.451
549.125 50.4524
549.25 50.5554
549.375 50.6794
549.5 50.6831
549.625 50.6848
549.75 50.6704
549.875 50.653
550 50.6885
550.125 50.7217
550.25 50.5538
550.375 50.3707
550.5 50.4277
550.625 50.47
550.75 50.3595
550.875 50.243
551 50.2561
551.125 50.2736
551.25 50.3847
551.375 50.4987
551.5 50.5124
551.625 50.536
551.75 50.75
551.875 50.9829
552 51.0112
552.125 51.0399
552.25 51.2145
552.375 51.3882
552.5 51.4165
552.625 51.4387
552.75 51.5188
552.875 51.5881
553 51.5973
553.125 51.6056
553.25 51.6204
553.375 51.6351
553.5 51.6441
553.625 51.6547
553.75 51.7365
553.875 51.8163
554 51.8279
554.125 51.8364
554.25 51.9062
554.375 51.6773
554.5 51.8748
554.625 51.5522
554.75 52.2959
554.875 52.6712
555 52.6506
555.125 52.5425
555.25 52.6994
555.375 52.7731
555.5 52.7889
555.625 52.8072
555.75 52.6956
555.875 52.5918
556 52.6303
556.125 52.6667
556.25 52.4665
556.375 51.9659
556.5 51.1051
556.625 52.0386
556.75 52.1483
556.875 51.9459
557 51.8611
557.125 51.5946
557.25 51.7502
557.375 51.7241
557.5 51.7305
557.625 50.892
557.75 29.0583
557.875 16.5854
558 28.99
558.125 50.6846
558.25 51.1124
558.375 51.1732
558.5 51.2864
558.625 51.3171
558.75 51.0982
558.875 50.8684
559 50.6105
559.125 49.8355
559.25 50.4927
559.375 50.6344
559.5 50.6441
559.625 50.6492
559.75 50.6541
559.875 50.4322
560 50.7675
560.125 50.8849
560.25 51.2736
560.375 51.6504
560.5 51.2978
560.625 50.2594
560.75 51.7191
560.875 52.4939
561 52.5196
561.125 52.5373
561.25 52.7387
561.375 52.9418
561.5 52.9618
561.625 52.9794
561.75 52.8648
561.875 52.5644
562 52.8378
562.125 52.9392
562.25 52.8158
562.375 52.3602
562.5 51.3804
562.625 52.3762
562.75 52.7031
562.875 52.7014
563 52.7122
563.125 52.7277
563.25 52.93
563.375 53.1344
563.5 53.147
563.625 53.1597
563.75 53.3893
563.875 53.6188
564 53.5638
564.125 53.3667
564.25 53.6223
564.375 53.7329
564.5 53.6764
564.625 53.3827
564.75 53.2614
564.875 53.5194
565 53.6402
565.125 53.6694
565.25 53.5951
565.375 53.5169
565.5 53.5487
565.625 53.5765
565.75 53.4687
565.875 53.3512
566 53.3579
566.125 53.3634
566.25 53.218
566.375 53.0727
566.5 53.0032
566.625 52.7709
566.75 53.0179
566.875 53.1145
567 53.0499
567.125 52.8396
567.25 53.3254
567.375 53.6829
567.5 53.6797
567.625 53.6603
567.75 54.0075
567.875 54.2994
568 54.3768
568.125 54.373
568.25 54.4757
568.375 54.4822
568.5 54.4695
568.625 54.6193
568.75 54.4231
568.875 54.1287
569 54.3144
569.125 54.177
569.25 54.0071
569.375 53.6866
569.5 53.8272
569.625 53.8405
569.75 53.4996
569.875 53.3365
570 53.3267
570.125 53.4372
570.25 53.3019
570.375 53.2995
570.5 53.3094
570.625 53.3544
570.75 53.3763
570.875 53.3237
571 53.3538
571.125 53.3569
571.25 53.4965
571.375 53.7598
571.5 53.7446
571.625 53.7277
571.75 54.1133
571.875 54.3441
572 54.4094
572.125 54.2925
572.25 54.7355
572.375 55.007
572.5 55.0597
572.625 55.1198
572.75 55.3407
572.875 55.4529
573 55.53
573.125 55.4459
573.25 55.6293
573.375 55.641
573.5 55.6007
573.625 55.6911
573.75 55.515
573.875 55.2774
574 55.4259
574.125 55.4688
574.25 55.3467
574.375 55.1069
574.5 55.2121
574.625 55.1684
574.75 55.0306
574.875 55.0866
575 55.126
575.125 55.1735
575.25 55.1685
575.375 55.155
575.5 55.164
575.625 55.165
575.75 55.2647
575.875 55.3091
576 55.3023
576.125 55.3267
576.25 55.3824
576.375 55.3801
576.5 55.3845
576.625 55.4689
576.75 55.4546
576.875 55.4376
577 55.4935
577.125 55.4668
577.25 55.4551
577.375 55.3969
577.5 55.4332
577.625 55.5003
577.75 55.4275
577.875 55.4574
578 55.4972
578.125 55.527
578.25 55.5242
578.375 55.4821
578.5 55.5449
578.625 55.6051
578.75 55.5755
578.875 55.5368
579 55.543
579.125 55.5692
579.25 55.575
579.375 55.5822
579.5 55.5798
579.625 55.6082
579.75 55.6816
579.875 55.7724
580 55.778
580.125 55.8205
580.25 55.9665
580.375 56.1279
580.5 56.1417
580.625 56.1574
580.75 56.3498
580.875 56.5603
581 56.5838
581.125 56.5984
581.25 56.7898
581.375 56.9857
581.5 56.9916
581.625 57.0181
581.75 57.1689
581.875 57.3139
582 57.3315
582.125 57.3578
582.25 57.4558
582.375 57.5516
582.5 57.5642
582.625 57.5929
582.75 57.6714
582.875 57.7374
583 57.7606
583.125 57.7957
583.25 57.8463
583.375 57.8999
583.5 57.9182
583.625 57.9462
583.75 57.9459
583.875 57.9434
584 57.9535
584.125 57.9793
584.25 57.893
584.375 57.7986
584.5 57.8331
584.625 57.8592
584.75 57.6814
584.875 57.5637
585 57.6024
585.125 57.6571
585.25 57.4725
585.375 57.4413
585.5 57.4892
585.625 57.4879
585.75 57.4262
585.875 57.3043
586 57.3199
586.125 57.2327
586.25 57.488
586.375 57.5882
586.5 57.6344
586.625 57.0871
586.75 54.6642
586.875 54.4461
587 55.7828
587.125 56.3296
587.25 56.5988
587.375 56.4357
587.5 56.6385
587.625 56.8153
587.75 55.9175
587.875 55.8587
588 56.0402
588.125 55.7121
588.25 54.9692
588.375 54.2002
588.5 53.9927
588.625 54.5855
588.75 52.5724
588.875 49.8974
589 42.9486
589.125 33.9102
589.25 45.4291
589.375 51.1027
589.5 51.4192
589.625 46.406
589.75 39.9366
589.875 48.8655
590 52.8803
590.125 52.7492
590.25 53.8401
590.375 54.8939
590.5 54.694
590.625 55.1643
590.75 55.3611
590.875 55.0077
591 55.5338
591.125 55.8817
591.25 56.2257
591.375 57.0209
591.5 56.8835
591.625 55.9801
591.75 53.7953
591.875 56.8258
592 57.0613
592.125 56.4165
592.25 57.9981
592.375 57.9665
592.5 57.2121
592.625 55.962
592.75 58.2018
592.875 58.5698
593 58.1675
593.125 58.5517
593.25 58.3438
593.375 56.4858
593.5 53.8027
593.625 57.0539
593.75 58.227
593.875 58.5353
594 58.3587
594.125 58.5607
594.25 57.317
594.375 56.738
594.5 58.4404
594.625 57.5043
594.75 56.0844
594.875 57.4405
595 58.4905
595.125 57.6356
595.25 58.2906
595.375 57.2011
595.5 53.9479
595.625 57.0623
595.75 58.3852
595.875 58.418
596 57.3978
596.125 58.4265
596.25 58.5152
596.375 58.3168
596.5 58.5443
596.625 58.5042
596.75 58.4592
596.875 58.2949
597 57.8529
597.125 58.2337
597.25 57.4334
597.375 58.5831
597.5 58.8766
597.625 58.4919
597.75 58.2288
597.875 56.0532
598 58.0229
598.125 58.7488
598.25 58.6313
598.375 58.6306
598.5 58.6894
598.625 58.6084
598.75 58.6729
598.875 58.7358
599 58.685
599.125 58.7342
599.25 58.6378
599.375 58.7935
599.5 58.8978
599.625 58.8489
599.75 59.0051
599.875 58.7225
600 58.3734
600.125 58.7316
600.25 58.9464
600.375 58.562
600.5 58.0538
600.625 58.0769
600.75 58.696
600.875 58.8025
601 58.8185
601.125 58.8112
601.25 58.7767
601.375 58.6439
601.5 58.6911
601.625 58.7159
601.75 58.5423
601.875 58.6814
602 58.7045
602.125 58.711
602.25 58.8559
602.375 58.9649
602.5 58.9885
602.625 59.0267
602.75 59.2822
602.875 59.411
603 59.0373
603.125 59.4237
603.25 59.7458
603.375 59.9014
603.5 59.625
603.625 59.6641
603.75 59.9542
603.875 60.0395
604 60.0785
604.125 60.0962
604.25 60.3138
604.375 60.5357
604.5 60.5469
604.625 60.5835
604.75 60.5369
604.875 60.492
605 60.5175
605.125 60.5413
605.25 60.5853
605.375 60.6276
605.5 60.6541
605.625 60.6781
605.75 60.6
605.875 60.5239
606 60.55
606.125 60.5713
606.25 60.5531
606.375 60.5335
606.5 60.5546
606.625 60.5757
606.75 60.5578
606.875 60.3749
607 60.6452
607.125 60.7469
607.25 60.6375
607.375 60.5254
607.5 60.5445
607.625 60.564
607.75 60.431
607.875 60.3007
608 60.3242
608.125 60.3481
608.25 60.2045
608.375 60.0621
608.5 60.0865
608.625 60.1119
608.75 60.0413
608.875 59.9685
609 59.9866
609.125 60.0069
609.25 59.9463
609.375 59.8847
609.5 59.904
609.625 59.9248
609.75 59.8854
609.875 59.8496
610 59.8211
610.125 59.6696
610.25 59.8133
610.375 59.8092
610.5 59.747
610.625 59.7394
610.75 60.0163
610.875 60.1944
611 60.2028
611.125 60.2121
611.25 60.2439
611.375 60.2757
611.5 60.2851
611.625 60.2974
611.75 60.1322
611.875 59.976
612 60.0127
612.125 60.0521
612.25 60.0105
612.375 59.9688
612.5 60.0081
612.625 60.0468
612.75 60.1197
612.875 60.1902
613 60.2229
613.125 60.2574
613.25 60.0889
613.375 59.9184
613.5 59.9528
613.625 59.9841
613.75 59.8519
613.875 59.5193
614 59.574
614.125 58.9424
614.25 59.9673
614.375 60.4618
614.5 60.074
614.625 59.6009
614.75 60.2428
614.875 60.3775
615 60.407
615.125 60.3463
615.25 59.8638
615.375 59.9104
615.5 60.0241
615.625 60.038
615.75 59.5924
615.875 59.1275
616 59.1311
616.125 59.415
616.25 59.3291
616.375 59.1805
616.5 59.2407
616.625 59.293
616.75 59.5632
616.875 59.8085
617 59.7132
617.125 58.8944
617.25 57.6996
617.375 59.7107
617.5 60.2828
617.625 60.0662
617.75 59.718
617.875 60.6932
618 60.9328
618.125 60.9539
618.25 61.1315
618.375 61.3067
618.5 61.2078
618.625 60.8805
618.75 61.3173
618.875 61.5256
619 61.555
619.125 61.5821
619.25 61.7475
619.375 61.7401
619.5 61.2458
619.625 61.7935
619.75 61.9892
619.875 62.0095
620 62.0223
620.125 62.0338
620.25 62.1337
620.375 61.6841
620.5 60.0829
620.625 61.7101
620.75 62.1565
620.875 62.0618
621 62.0968
621.125 62.132
621.25 61.9388
621.375 61.5396
621.5 60.9517
621.625 61.6072
621.75 61.763
621.875 61.7055
622 61.7179
622.125 61.7182
622.25 61.1389
622.375 59.3561
622.5 61.2223
622.625 61.8823
622.75 61.745
622.875 61.6032
623 61.6366
623.125 61.6714
623.25 61.6336
623.375 61.5841
623.5 60.8771
623.625 57.5628
623.75 55.2667
623.875 58.211
624 61.11
624.125 61.3623
624.25 60.0491
624.375 59.4467
624.5 58.8222
624.625 60.9351
624.75 61.4686
624.875 61.1285
625 61.0388
625.125 61.467
625.25 61.5016
625.375 61.4256
625.5 61.4609
625.625 61.4762
625.75 61.3209
625.875 58.8617
626 54.5711
626.125 59.4693
626.25 61.6052
626.375 61.442
626.5 61.4897
626.625 61.1119
626.75 59.2232
626.875 61.2723
627 61.4248
627.125 62.1486
627.25 62.4249
627.375 62.4316
627.5 62.5845
627.625 62.5973
627.75 62.4736
627.875 60.3334
628 59.2529
628.125 60.6726
628.25 61.5255
628.375 62.0881
628.5 62.1601
628.625 62.6605
628.75 60.9637
628.875 56.9269
629 60.9934
629.125 62.3393
629.25 62.3442
629.375 62.3249
629.5 62.2954
629.625 62.6366
629.75 61.5896
629.875 61.7856
630 58.8404
630.125 39.7865
630.25 24.5115
630.375 40.2175
630.5 61.7873
630.625 62.9469
630.75 60.2992
630.875 54.5237
631 60.7629
631.125 62.9767
631.25 62.97
631.375 63.0986
631.5 63.106
631.625 62.7632
631.75 63.0914
631.875 63.0381
632 63.2282
632.125 62.9306
632.25 62.7903
632.375 61.0193
632.5 62.8959
632.625 63.6759
632.75 63.8663
632.875 63.8506
633 61.3326
633.125 55.0282
633.25 61.3041
633.375 63.6738
633.5 63.7991
633.625 63.8424
633.75 63.9152
633.875 64.0374
634 64.0585
634.125 64.095
634.25 64.0851
634.375 63.9808
634.5 64.0271
634.625 64.1895
634.75 64.3583
634.875 63.8765
635 62.6895
635.125 64.1148
635.25 64.3863
635.375 64.3818
635.5 64.446
635.625 63.8136
635.75 61.274
635.875 61.3465
636 63.5973
636.125 64.1856
636.25 63.8813
636.375 53.3164
636.5 38.3762
636.625 53.4036
636.75 64.4158
636.875 64.8984
637 64.851
637.125 64.9178
637.25 65.1194
637.375 65.2862
637.5 65.3851
637.625 65.4253
637.75 65.4301
637.875 65.4413
638 65.1433
638.125 64.1828
638.25 65.2088
638.375 65.5649
638.5 65.5987
638.625 65.3162
638.75 63.9778
638.875 63.966
639 65.19
639.125 65.4855
639.25 65.2765
639.375 65.0621
639.5 65.0877
639.625 65.1305
639.75 64.947
639.875 64.7476
640 64.8082
640.125 64.8374
640.25 64.8312
640.375 64.8784
640.5 64.9016
640.625 64.9292
640.75 64.9075
640.875 64.8582
641 64.8101
641.125 64.896
641.25 64.9873
641.375 64.9112
641.5 64.3504
641.625 64.4636
641.75 65.162
641.875 65.4344
642 65.3416
642.125 64.7001
642.25 64.8319
642.375 65.5646
642.5 65.7477
642.625 65.7082
642.75 65.7144
642.875 65.8553
643 65.9205
643.125 65.921
643.25 65.9934
643.375 66.1167
643.5 66.0425
643.625 66.1142
643.75 66.1309
643.875 66.0984
644 66.1081
644.125 66.1003
644.25 66.1515
644.375 66.2005
644.5 66.1774
644.625 66.2104
644.75 66.1922
644.875 66.1296
645 66.0879
645.125 66.1681
645.25 66.1317
645.375 65.8714
645.5 66.1414
645.625 66.0921
645.75 66.2122
645.875 65.9441
646 65.4725
646.125 65.7135
646.25 66.11
646.375 65.3164
646.5 63.4084
646.625 64.0612
646.75 62.3736
646.875 64.9999
647 66.1464
647.125 64.504
647.25 61.6336
647.375 64.9308
647.5 66.0975
647.625 66.2824
647.75 64.7813
647.875 65.8071
648 65.3561
648.125 65.2984
648.25 66.317
648.375 66.5303
648.5 65.3768
648.625 65.962
648.75 66.2921
648.875 65.8473
649 66.2663
649.125 66.2353
649.25 65.0732
649.375 65.748
649.5 64.6823
649.625 65.4916
649.75 64.7022
649.875 62.5347
650 57.106
650.125 63.6427
650.25 66.6397
650.375 66.9388
650.5 65.611
650.625 63.264
650.75 66.5285
650.875 67.7641
651 67.2387
651.125 67.7929
651.25 67.8356
651.375 67.3057
651.5 67.5707
651.625 65.6142
651.75 67.3239
651.875 65.8114
652 67.7096
652.125 67.2399
652.25 67.4962
652.375 65.5623
652.5 66.9939
652.625 67.7063
652.75 68.0371
652.875 68.0131
653 68.0428
653.125 68.0768
653.25 67.9951
653.375 65.2846
653.5 60.4402
653.625 65.486
653.75 68.4067
653.875 68.3002
654 68.6183
654.125 68.547
654.25 68.2481
654.375 68.0299
654.5 67.516
654.625 64.1225
654.75 67.0361
654.875 67.9978
655 66.8838
655.125 68.0645
655.25 67.7443
655.375 64.6286
655.5 57.6399
655.625 64.7391
655.75 66.7161
655.875 65.7017
656 65.876
656.125 66.2907
656.25 65.5784
656.375 64.9985
656.5 63.2748
656.625 64.4721
656.75 66.4373
656.875 66.3616
657 64.1799
657.125 66.2718
657.25 67.4783
657.375 67.236
657.5 67.8694
657.625 66.9301
657.75 65.8925
657.875 60.4623
658 66.2044
658.125 68.4566
658.25 68.1648
658.375 68.498
658.5 67.982
658.625 68.3437
658.75 68.4158
658.875 68.1042
659 68.4811
659.125 68.5393
659.25 68.4207
659.375 68.3257
659.5 68.2732
659.625 68.2129
659.75 67.9943
659.875 66.7498
660 68.128
660.125 68.3329
660.25 68.5841
660.375 68.4348
660.5 67.5495
660.625 64.7461
660.75 67.5917
660.875 68.7439
661 68.7821
661.125 68.7674
661.25 68.9197
661.375 68.9604
661.5 69.0746
661.625 69.1103
661.75 69.0933
661.875 69.1174
662 69.1333
662.125 69.1341
662.25 68.9826
662.375 68.8861
662.5 68.9263
662.625 68.9683
662.75 68.7077
662.875 68.1947
663 67.4568
663.125 68.2452
663.25 68.4455
663.375 68.3738
663.5 67.9161
663.625 66.6635
663.75 68.1023
663.875 68.6777
664 68.6918
664.125 68.7143
664.25 68.8122
664.375 68.8976
664.5 68.9109
664.625 68.941
664.75 69.1428
664.875 69.3058
665 69.3262
665.125 69.2824
665.25 69.3012
665.375 69.4538
665.5 69.4904
665.625 69.5338
665.75 69.41
665.875 69.307
666 69.3309
666.125 69.3473
666.25 69.0208
666.375 68.2773
666.5 68.9537
666.625 69.1839
666.75 69.1052
666.875 68.8004
667 68.9018
667.125 69.2682
667.25 69.2287
667.375 69.1422
667.5 69.1635
667.625 69.1806
667.75 69.2953
667.875 69.4038
668 69.4226
668.125 69.4451
668.25 69.6858
668.375 69.9278
668.5 69.9245
668.625 69.9666
668.75 69.9833
668.875 69.9982
669 70.0115
669.125 70.0395
669.25 69.9549
669.375 69.8716
669.5 69.8997
669.625 69.9303
669.75 69.905
669.875 69.8809
670 69.797
670.125 69.4818
670.25 69.8156
670.375 69.9143
670.5 69.8324
670.625 69.5162
670.75 69.8367
670.875 69.9192
671 69.9248
671.125 69.9643
671.25 69.7461
671.375 69.6237
671.5 69.6308
671.625 69.5386
671.75 69.6732
671.875 69.7649
672 69.8025
672.125 69.7606
672.25 69.7752
672.375 69.9461
672.5 69.9188
672.625 70.0327
672.75 70.2155
672.875 70.3662
673 70.3826
673.125 70.3659
673.25 70.317
673.375 70.3459
673.5 70.3903
673.625 70.4184
673.75 70.4225
673.875 70.4256
674 70.3704
674.125 70.1128
674.25 70.2366
674.375 70.3374
674.5 70.3068
674.625 70.147
674.75 70.3745
674.875 70.3668
675 70.4579
675.125 70.5029
675.25 70.4975
675.375 70.4919
675.5 70.5145
675.625 70.5369
675.75 70.5147
675.875 70.4916
676 70.514
676.125 70.5357
676.25 70.599
676.375 70.6635
676.5 70.6842
676.625 70.7065
676.75 70.6867
676.875 70.6666
677 70.6788
677.125 70.6728
677.25 70.8507
677.375 71.0098
677.5 71.0313
677.625 71.055
677.75 71.0998
677.875 71.1447
678 71.1678
678.125 71.1883
678.25 71.1623
678.375 71.1307
678.5 71.085
678.625 70.9081
678.75 71.1334
678.875 71.1359
679 70.8645
679.125 71.1767
679.25 71.327
679.375 71.3826
679.5 71.3992
679.625 71.4174
679.75 71.2937
679.875 71.152
680 71.1852
680.125 71.1949
680.25 71.1092
680.375 70.997
680.5 70.932
680.625 71.0211
680.75 71.1253
680.875 71.1865
681 71.219
681.125 71.2376
681.25 71.3139
681.375 71.3968
681.5 71.4012
681.625 71.4194
681.75 71.4653
681.875 71.4696
682 71.4733
682.125 71.3785
682.25 71.4887
682.375 71.5374
682.5 71.5339
682.625 71.5287
682.75 70.3381
682.875 66.5761
683 65.9236
683.125 61.5495
683.25 68.6975
683.375 70.9108
683.5 67.3135
683.625 60.6968
683.75 67.9874
683.875 71.3654
684 71.4348
684.125 70.9879
684.25 69.9311
684.375 67.9371
684.5 70.5695
684.625 71.448
684.75 71.3863
684.875 71.3517
685 71.3388
685.125 71.2109
685.25 70.6167
685.375 71.0437
685.5 71.1705
685.625 71.2019
685.75 71.1188
685.875 71.0056
686 71.0052
686.125 71.0166
686.25 70.8528
686.375 69.8487
686.5 62.4572
686.625 52.8907
686.75 64.5469
686.875 65.205
687 55.1971
687.125 55.4815
687.25 57.4365
687.375 59.6623
687.5 62.953
687.625 59.6897
687.75 64.9652
687.875 64.547
688 65.9702
688.125 63.8525
688.25 67.6178
688.375 68.2852
688.5 69.3091
688.625 66.9405
688.75 65.8757
688.875 64.7865
689 68.999
689.125 54.4455
689.25 67.9258
689.375 65.9736
689.5 63.3084
689.625 70.0229
689.75 65.2796
689.875 64.4319
690 70.8931
690.125 66.1488
690.25 57.4227
690.375 68.9917
690.5 70.5216
690.625 64.7789
690.75 67.1037
690.875 70.7918
691 67.1105
691.125 66.719
691.25 70.5578
691.375 68.5822
691.5 60.3409
691.625 65.5518
691.75 70.7165
691.875 70.7451
692 68.3955
692.125 68.3978
692.25 70.7882
692.375 66.8809
692.5 56.2146
692.625 64.5453
692.75 70.8283
692.875 69.9393
693 70.6383
693.125 66.185
693.25 70.6871
693.375 69.4808
693.5 69.9655
693.625 69.2665
693.75 69.7541
693.875 70.803
694 66.4034
694.125 62.9464
694.25 65.5971
694.375 67.1872
694.5 70.4465
694.625 68.667
694.75 70.8573
694.875 69.8202
695 63.6598
695.125 55.5395
695.25 65.6613
695.375 69.87
695.5 69.294
695.625 70.2576
695.75 70.2802
695.875 66.1643
696 70.6601
696.125 68.7671
696.25 70.2971
696.375 68.6157
696.5 70.8538
696.625 70.0642
696.75 70.4567
696.875 70.3338
697 69.5013
697.125 66.274
697.25 68.4409
697.375 70.1993
697.5 70.3627
697.625 70.3683
697.75 70.2168
697.875 67.2364
698 60.7067
698.125 67.3962
698.25 70.3694
698.375 69.6976
698.5 70.4024
698.625 70.2512
698.75 70.1088
698.875 68.4698
699 70.0958
699.125 68.0679
699.25 69.4564
699.375 70.6514
699.5 69.1273
699.625 69.3192
699.75 70.731
699.875 70.3085
700 69.7171
700.125 68.0197
700.25 70.4827
700.375 70.027
700.5 69.8996
700.625 65.4503
700.75 68.1738
700.875 70.3008
701 70.4263
701.125 70.1683
701.25 68.7576
701.375 64.864
701.5 69.3355
701.625 70.4995
701.75 69.1536
701.875 67.9112
702 70.5993
702.125 70.0105
702.25 69.9974
702.375 70.5213
702.5 68.3563
702.625 70.3117
702.75 70.8508
702.875 68.9673
703 68.6325
703.125 70.5558
703.25 70.838
703.375 70.954
703.5 71.0449
703.625 71.0476
703.75 71.1605
703.875 70.615
704 70.3481
704.125 69.047
704.25 70.905
704.375 69.5115
704.5 71.1687
704.625 71.3275
704.75 71.1878
704.875 69.8066
705 68.5654
705.125 70.3356
705.25 69.8387
705.375 70.6287
705.5 69.982
705.625 71.3145
705.75 71.5852
705.875 70.7535
706 71.3809
706.125 71.5016
706.25 71.0418
706.375 71.1516
706.5 70.9045
706.625 71.0503
706.75 70.5443
706.875 71.0674
707 71.3463
707.125 71.3188
707.25 71.4875
707.375 71.7504
707.5 71.5267
707.625 71.6787
707.75 71.9448
707.875 72.2963
708 70.9265
708.125 71.5215
708.25 71.9193
708.375 71.1193
708.5 71.0936
708.625 71.9558
708.75 71.8897
708.875 71.4809
709 69.8845
709.125 70.542
709.25 71.3512
709.375 71.5121
709.5 71.6357
709.625 71.7444
709.75 71.7675
709.875 71.8487
710 71.8271
710.125 71.6652
710.25 71.6491
710.375 71.5296
710.5 71.7516
710.625 71.7545
710.75 71.693
710.875 71.5855
711 71.7184
711.125 71.635
711.25 71.8382
711.375 71.4753
711.5 71.8437
711.625 71.7755
711.75 71.6369
711.875 71.7166
712 71.2197
712.125 71.6225
712.25 71.7007
712.375 71.3798
712.5 71.3069
712.625 71.4558
712.75 71.1479
712.875 70.5183
713 70.0531
713.125 70.5589
713.25 70.8931
713.375 70.6492
713.5 69.9685
713.625 70.7085
713.75 71.3438
713.875 71.2355
714 70.8675
714.125 71.3883
714.25 70.7732
714.375 70.4593
714.5 69.5665
714.625 70.6115
714.75 70.2147
714.875 70.514
715 69.7499
715.125 70.393
715.25 70.2768
715.375 71.1211
715.5 71.4673
715.625 71.6158
715.75 71.446
715.875 70.9613
716 71.2808
716.125 70.1521
716.25 71.4275
716.375 70.3248
716.5 70.7759
716.625 69.5564
716.75 70.2541
716.875 68.3664
717 66.1626
717.125 70.0857
717.25 64.6871
717.375 70.3114
717.5 61.2047
717.625 66.4482
717.75 67.9528
717.875 62.6923
718 63.4541
718.125 68.9909
718.25 69.3987
718.375 60.3773
718.5 69.5487
718.625 57.6665
718.75 67.0362
718.875 54.0848
719 65.4435
719.125 69.0238
719.25 69.4229
719.375 57.0203
719.5 63.7375
719.625 64.1909
719.75 65.0422
719.875 66.955
720 62.4131
720.125 69.1307
720.25 58.3094
720.375 62.0737
720.5 68.8346
720.625 59.1541
720.75 68.9623
720.875 61.0765
721 69.4721
721.125 66.0009
721.25 69.5301
721.375 69.0323
721.5 70.5829
721.625 70.2595
721.75 70.2661
721.875 67.4248
722 69.4227
722.125 70.3556
722.25 70.7298
722.375 70.6578
722.5 68.0627
722.625 68.3664
722.75 70.6501
722.875 70.2665
723 66.3972
723.125 70.0951
723.25 69.8093
723.375 67.6786
723.5 61.5065
723.625 59.4941
723.75 66.1276
723.875 67.1683
724 66.235
724.125 53.9097
724.25 38.8938
724.375 57.7721
724.5 62.42
724.625 56.0804
724.75 44.8317
724.875 55.3929
725 67.612
725.125 66.7956
725.25 66.4114
725.375 64.2631
725.5 52.2427
725.625 63.0525
725.75 66.712
725.875 66.7084
726 65.337
726.125 68.9244
726.25 66.9157
726.375 66.7149
726.5 67.3762
726.625 63.601
726.75 60.8469
726.875 69.7201
727 68.216
727.125 66.7221
727.25 67.2587
727.375 69.5707
727.5 61.0344
727.625 67.5809
727.75 48.9116
727.875 34.6903
728 52.1083
728.125 67.495
728.25 67.3428
728.375 65.0751
728.5 62.9046
728.625 53.7538
728.75 63.164
728.875 66.0551
729 62.336
729.125 67.954
729.25 58.8121
729.375 64.5572
729.5 65.871
729.625 66.1716
729.75 59.9561
729.875 66.2954
730 68.6072
730.125 67.2003
730.25 66.808
730.375 67.3126
730.5 59.7917
730.625 51.4424
730.75 64.3672
730.875 68.3979
731 68.5821
731.125 61.928
731.25 65.0579
731.375 66.9679
731.5 65.3751
731.625 68.7098
731.75 56.7238
731.875 41.8031
732 55.3108
732.125 66.2322
732.25 68.6375
732.375 69.5608
732.5 69.7062
732.625 67.7154
732.75 69.8189
732.875 67.8668
733 64.1701
733.125 55.6435
733.25 62.9574
733.375 69.2891
733.5 67.7356
733.625 67.9822
733.75 68.1056
733.875 69.9467
734 69.8339
734.125 58.5989
734.25 42.3006
734.375 57.761
734.5 69.4736
734.625 66.9243
734.75 68.4043
734.875 68.407
735 67.94
735.125 66.89
735.25 67.4042
735.375 68.1872
735.5 68.0439
735.625 68.0757
735.75 68.5932
735.875 67.2888
736 64.9214
736.125 55.535
736.25 62.9942
736.375 68.4121
736.5 69.0713
736.625 67.6971
736.75 68.0633
736.875 69.3906
737 59.3164
737.125 43.6912
737.25 60.0277
737.375 69.074
737.5 69.3746
737.625 68.3494
737.75 69.5899
737.875 69.5394
738 68.6365
738.125 69.5638
738.25 69.4086
738.375 68.582
738.5 67.817
738.625 67.8777
738.75 69.1631
738.875 68.8442
739 68.7754
739.125 68.6702
739.25 64.8373
739.375 57.5738
739.5 65.9886
739.625 69.0494
739.75 68.6592
739.875 68.3467
740 69.1757
740.125 69.086
740.25 63.3615
740.375 51.7152
740.5 63.5001
740.625 69.3584
740.75 69.5518
740.875 69.2416
741 69.3228
741.125 69.4933
741.25 68.7125
741.375 68.5955
741.5 68.9269
741.625 68.9804
741.75 69.3245
741.875 69.0088
742 69.1861
742.125 69.6212
742.25 69.7187
742.375 69.7556
742.5 69.1008
742.625 69.6249
742.75 69.8831
742.875 70.1756
743 66.0299
743.125 57.0082
743.25 66.0491
743.375 70.0367
743.5 70.1301
743.625 70.1293
743.75 69.9544
743.875 67.966
744 61.7753
744.125 61.933
744.25 67.6363
744.375 69.2827
744.5 69.3875
744.625 69.2594
744.75 69.4794
744.875 69.5764
745 69.6655
745.125 69.6797
745.25 69.7841
745.375 69.7373
745.5 69.9481
745.625 69.9816
745.75 69.9473
745.875 69.8341
746 69.3678
746.125 69.8287
746.25 69.9002
746.375 69.0963
746.5 67.9327
746.625 69.1745
746.75 68.1933
746.875 65.7878
747 68.8429
747.125 69.6297
747.25 66.7471
747.375 64.3257
747.5 66.5553
747.625 62.4722
747.75 67.6581
747.875 69.3489
748 67.795
748.125 62.4864
748.25 64.7087
748.375 65.982
748.5 60.2105
748.625 66.5415
748.75 69.2143
748.875 68.882
749 68.7799
749.125 69.2299
749.25 69.2831
749.375 69.1992
749.5 68.1743
749.625 65.3448
749.75 68.4492
749.875 69.7263
750 69.6377
750.125 69.2893
750.25 69.6295
750.375 69.6594
750.5 69.7738
750.625 69.8133
750.75 69.7145
750.875 69.6154
751 69.6118
751.125 69.6128
751.25 69.8055
751.375 69.99
751.5 69.9925
751.625 69.9838
751.75 69.55
751.875 67.9855
752 68.1323
752.125 69.5808
752.25 69.7235
752.375 68.6247
752.5 60.0616
752.625 49.278
752.75 60.9152
752.875 68.6512
753 68.6492
753.125 66.1636
753.25 58.8454
753.375 66.2745
753.5 69.4225
753.625 69.4492
753.75 69.2212
753.875 68.9634
754 69.0754
754.125 68.5865
754.25 66.5689
754.375 68.4921
754.5 69.184
754.625 69.193
754.75 69.1291
754.875 68.8881
755 69.1457
755.125 69.2155
755.25 69.2522
755.375 69.2556
755.5 68.7538
755.625 69.2721
755.75 69.4783
755.875 67.7033
756 62.9049
756.125 67.6523
756.25 69.2403
756.375 69.1884
756.5 69.393
756.625 69.3039
756.75 69.373
756.875 68.8081
757 67.2494
757.125 68.7133
757.25 63.8832
757.375 52.9983
757.5 63.2255
757.625 66.2326
757.75 68.5227
757.875 69.3335
758 69.3455
758.125 69.3441
758.25 69.4745
758.375 69.6034
758.5 69.6053
758.625 69.5709
758.75 67.5747
758.875 62.2843
759 67.6594
759.125 69.7321
759.25 69.6937
759.375 69.5942
759.5 69.5633
759.625 53.1881
759.75 47.1138
759.875 42.8923
760 38.5821
760.125 39.8835
760.25 31.819
760.375 36.8885
760.5 39.0832
760.625 28.7373
760.75 38.0281
760.875 35.9423
761 38.4461
761.125 37.7518
761.25 39.8182
761.375 44.2305
761.5 41.4109
761.625 61.2131
761.75 46.5351
761.875 56.043
762 61.7281
762.125 65.7583
762.25 56.752
762.375 57.6821
762.5 48.6719
762.625 41.9167
762.75 62.6373
762.875 45.6498
763 32.6473
763.125 54.7831
763.25 51.0492
763.375 35.4498
763.5 56.9867
763.625 63.8991
763.75 40.3647
763.875 43.8843
764 65.7234
764.125 49.0881
764.25 39.7897
764.375 62.7698
764.5 65.6335
764.625 45.9349
764.75 45.5841
764.875 65.7179
765 66.0959
765.125 48.596
765.25 50.1034
765.375 66.0451
765.5 63.1303
765.625 51.7539
765.75 53.4958
765.875 67.7573
766 67.9803
766.125 57.252
766.25 55.3932
766.375 63.1788
766.5 63.596
766.625 65.9148
766.75 55.1252
766.875 66.2649
767 68.6648
767.125 68.7522
767.25 62.6457
767.375 62.087
767.5 68.3837
767.625 68.6149
767.75 68.6759
767.875 64.4148
768 64.3982
768.125 68.6733
768.25 68.2496
768.375 67.2431
768.5 65.1776
768.625 64.5614
768.75 67.3465
768.875 66.9068
769 67.0506
769.125 65.9033
769.25 65.4313
769.375 64.9742
769.5 67.2058
769.625 67.8199
769.75 66.8353
769.875 66.7638
770 66.9382
770.125 64.3394
770.25 65.484
770.375 66.9898
770.5 67.1897
770.625 67.1497
770.75 67.6119
770.875 67.496
771 67.4781
771.125 67.3575
771.25 62.2613
771.375 49.7497
771.5 46.9887
771.625 56.9073
771.75 49.3015
771.875 44.0975
772 51.8287
772.125 63.9879
772.25 66.972
772.375 67.0618
772.5 65.6229
772.625 60.723
772.75 62.9297
772.875 58.445
773 64.7453
773.125 67.2207
773.25 67.1347
773.375 67.4639
773.5 67.2268
773.625 65.1243
773.75 63.6084
773.875 66.4467
774 66.9587
774.125 66.9828
774.25 66.3145
774.375 66.157
774.5 66.7701
774.625 66.53
774.75 65.7991
774.875 66.0393
775 64.274
775.125 49.5271
775.25 37.2092
775.375 53.6141
775.5 65.4714
775.625 66.8363
775.75 66.0069
775.875 63.0995
776 66.1237
776.125 60.33
776.25 47.8178
776.375 60.2858
776.5 67.0392
776.625 67.1885
776.75 67.3111
776.875 67.2563
777 66.7882
777.125 65.8312
777.25 66.4003
777.375 64.2408
777.5 60.4663
777.625 60.0917
777.75 64.6151
777.875 66.5273
778 66.5091
778.125 61.9586
778.25 53.2346
778.375 62.2662
778.5 66.4694
778.625 66.1415
778.75 65.3697
778.875 66.226
779 66.3834
779.125 65.8879
779.25 64.9429
779.375 64.3995
779.5 54.775
779.625 39.4561
779.75 54.9316
779.875 66.2426
780 66.4962
780.125 66.3958
780.25 66.4525
780.375 66.7246
780.5 66.5522
780.625 66.1998
780.75 66.4
780.875 64.3961
781 56.9207
781.125 52.3338
781.25 61.9363
781.375 65.728
781.5 65.4525
781.625 65.584
781.75 65.0615
781.875 66.1533
782 66.2762
782.125 64.8498
782.25 52.2191
782.375 36.0148
782.5 52.5322
782.625 65.5978
782.75 66.0403
782.875 66.1984
783 65.594
783.125 64.907
783.25 65.7919
783.375 65.8722
783.5 65.5771
783.625 64.7315
783.75 65.4803
783.875 65.9072
784 65.8985
784.125 65.435
784.25 60.4817
784.375 50.3285
784.5 60.6908
784.625 65.6576
784.75 65.7243
784.875 65.6737
785 65.3317
785.125 62.0853
785.25 58.654
785.375 56.3105
785.5 41.9563
785.625 40.2283
785.75 56.6355
785.875 64.0302
786 59.3112
786.125 58.7337
786.25 48.8321
786.375 60.0176
786.5 65.755
786.625 65.7051
786.75 65.6983
786.875 62.5329
787 56.4712
787.125 57.1426
787.25 46.3596
787.375 59.0938
787.5 64.9644
787.625 65.7896
787.75 65.4559
787.875 64.0986
788 60.5972
788.125 52.9334
788.25 57.9969
788.375 54.4525
788.5 61.6063
788.625 64.6046
788.75 63.6053
788.875 62.2658
789 60.0167
789.125 51.2103
789.25 59.9715
789.375 62.2445
789.5 63.1672
789.625 62.1946
789.75 61.7363
789.875 62.5069
790 63.6589
790.125 63.5341
790.25 63.6983
790.375 61.9395
790.5 62.4764
790.625 63.6992
790.75 63.6529
790.875 63.3405
791 63.7763
791.125 60.9144
791.25 62.4539
791.375 60.8991
791.5 44.8827
791.625 32.1243
791.75 47.3284
791.875 63.0379
792 62.0878
792.125 59.9364
792.25 52.9863
792.375 42.1366
792.5 54.9506
792.625 61.5108
792.75 63.4522
792.875 63.293
793 62.082
793.125 57.561
793.25 51.8294
793.375 48.1679
793.5 58.501
793.625 62.3623
793.75 62.6115
793.875 63.0099
794 62.8403
794.125 62.7486
794.25 62.7414
794.375 61.8165
794.5 61.9238
794.625 62.0914
794.75 61.5591
794.875 61.5319
795 57.4784
795.125 48.4696
795.25 58.0857
795.375 62.5275
795.5 62.4037
795.625 62.5913
795.75 63.4427
795.875 63.3697
796 63.0849
796.125 62.4279
796.25 61.8244
796.375 62.6403
796.5 48.0088
796.625 34.1037
796.75 50.5242
796.875 62.153
797 57.3186
797.125 61.8236
797.25 63.7787
797.375 62.8949
797.5 63.5434
797.625 63.5798
797.75 62.3297
797.875 58.3164
798 58.5258
798.125 57.5042
798.25 46.8744
798.375 58.037
798.5 63.5513
798.625 62.4058
798.75 63.4171
798.875 62.0928
799 61.8615
799.125 62.97
799.25 61.8771
799.375 49.1417
799.5 33.7835
799.625 48.5087
799.75 61.7108
799.875 61.972
800 60.6999
800.125 61.6274
800.25 60.9566
800.375 62.5559
800.5 62.5293
800.625 62.7554
800.75 62.7099
800.875 63.0105
801 60.3295
801.125 63.2084
801.25 62.5774
801.375 62.3974
801.5 56.8501
801.625 49.2408
801.75 57.9357
801.875 61.8372
802 61.8648
802.125 61.2874
802.25 58.0508
802.375 61.0533
802.5 61.1267
802.625 54.6136
802.75 41.367
802.875 41.5722
803 53.0456
803.125 57.5524
803.25 60.7405
803.375 60.1478
803.5 61.6892
803.625 60.3835
803.75 61.4057
803.875 61.0219
804 62.0052
804.125 61.3179
804.25 61.4696
804.375 61.1883
804.5 60.5652
804.625 60.764
804.75 60.6771
804.875 61.4026
805 61.6615
805.125 60.9206
805.25 57.1384
805.375 51.5288
805.5 58.1636
805.625 61.3907
805.75 61.4583
805.875 61.6103
806 61.7884
806.125 61.071
806.25 58.5373
806.375 49.8244
806.5 49.4476
806.625 58.6397
806.75 61.2484
806.875 61.2775
807 61.3286
807.125 61.5723
807.25 60.8341
807.375 61.4456
807.5 61.4709
807.625 61.0792
807.75 60.5392
807.875 60.358
808 60.4098
808.125 60.8505
808.25 61.2368
808.375 61.0468
808.5 60.8247
808.625 59.7029
808.75 58.1778
808.875 60.8419
809 61.1133
809.125 61.0601
809.25 60.4723
809.375 60.7595
809.5 59.6292
809.625 55.0458
809.75 58.7892
809.875 59.7845
810 60.613
810.125 60.0422
810.25 60.8666
810.375 57.6238
810.5 51.322
810.625 58.1075
810.75 60.2329
810.875 60.5679
811 59.6781
811.125 60.6365
811.25 60.1238
811.375 60.9867
811.5 60.1294
811.625 58.503
811.75 61.1518
811.875 61.4249
812 60.9584
812.125 60.1599
812.25 60.6896
812.375 60.4647
812.5 59.498
812.625 60.915
812.75 59.9441
812.875 60.2802
813 61.2586
813.125 61.7186
813.25 56.9218
813.375 59.6937
813.5 60.2621
813.625 54.5102
813.75 56.896
813.875 58.5729
814 60.0802
814.125 58.2208
814.25 54.5551
814.375 56.0742
814.5 61.0401
814.625 57.2617
814.75 60.4331
814.875 53.4757
815 53.011
815.125 55.5002
815.25 56.6415
815.375 60.5256
815.5 55.6326
815.625 52.8289
815.75 56.0181
815.875 60.2394
816 53.6631
816.125 60.102
816.25 60.264
816.375 48.0715
816.5 52.2612
816.625 50.8015
816.75 55.0647
816.875 59.8184
817 60.0514
817.125 50.4475
817.25 50.7699
817.375 59.7685
817.5 59.3106
817.625 59.3102
817.75 58.8843
817.875 50.1608
818 50.7458
818.125 50.442
818.25 58.6096
818.375 51.9005
818.5 56.6339
818.625 58.3467
818.75 58.6446
818.875 52.1212
819 57.1835
819.125 46.9175
819.25 57.8326
819.375 58.2034
819.5 49.9698
819.625 56.9404
819.75 56.5035
819.875 58.2485
820 48.3573
820.125 56.5764
820.25 51.7974
820.375 58.9145
820.5 59.4659
820.625 59.4115
820.75 58.3586
820.875 58.9801
821 58.6605
821.125 57.8298
821.25 57.8131
821.375 57.5906
821.5 57.0757
821.625 58.0887
821.75 58.4867
821.875 58.6849
822 53.1741
822.125 58.4949
822.25 58.6651
822.375 54.7956
822.5 58.604
822.625 53.0928
822.75 55.724
822.875 49.8516
823 42.9406
823.125 47.8596
823.25 52.8453
823.375 43.461
823.5 59.1718
823.625 51.7261
823.75 58.6951
823.875 58.6722
824 56.8459
824.125 59.485
824.25 56.7726
824.375 58.4889
824.5 56.1119
824.625 53.1273
824.75 59.9311
824.875 59.1335
825 58.2659
825.125 59.2448
825.25 59.7085
825.375 59.6738
825.5 56.2575
825.625 59.4473
825.75 58.8322
825.875 50.1032
826 58.9314
826.125 58.3949
826.25 55.4772
826.375 59.5928
826.5 58.6676
826.625 56.2621
826.75 59.2782
826.875 59.4536
827 59.4719
827.125 58.6029
827.25 59.3336
827.375 55.4636
827.5 57.3167
827.625 50.5891
827.75 58.216
827.875 48.931
828 48.6578
828.125 48.4722
828.25 47.9095
828.375 33.8749
828.5 46.2736
828.625 57.5545
828.75 55.6133
828.875 48.953
829 36.9343
829.125 32.1258
829.25 46.4356
829.375 57.4703
829.5 58.7761
829.625 49.3164
829.75 51.7347
829.875 44.7443
830 45.2437
830.125 33.5788
830.25 40.9182
830.375 56.5186
830.5 56.1502
830.625 53.3384
830.75 50.0418
830.875 58.0109
831 57.7067
831.125 53.149
831.25 43.7987
831.375 49.3578
831.5 57.7259
831.625 56.987
831.75 57.901
831.875 54.2518
832 50.8975
832.125 55.7044
832.25 56.9602
832.375 45.6956
832.5 57.6206
832.625 57.5151
832.75 57.3144
832.875 56.4293
833 57.144
833.125 55.7821
833.25 54.0225
833.375 57.206
833.5 56.1339
833.625 54.6799
833.75 55.9824
833.875 56.7212
834 56.1629
834.125 49.5383
834.25 57.2009
834.375 52.9844
834.5 43.8256
834.625 36.2992
834.75 22.9719
834.875 37.7383
835 56.6988
835.125 54.0114
835.25 53.2426
835.375 47.5914
835.5 34.3805
835.625 46.436
835.75 57.0604
835.875 56.1301
836 56.0182
836.125 57.1748
836.25 55.5625
836.375 53.5302
836.5 52.2448
836.625 49.2961
836.75 49.1206
836.875 54.4973
837 55.6275
837.125 57.6302
837.25 57.4662
837.375 57.8788
837.5 57.5583
837.625 56.2709
837.75 57.5378
837.875 55.4631
838 56.9939
838.125 56.5275
838.25 53.1909
838.375 49.1308
838.5 38.2675
838.625 49.3101
838.75 56.2239
838.875 56.8948
839 56.649
839.125 56.9195
839.25 56.4667
839.375 56.5268
839.5 57.4891
839.625 56.82
839.75 57.2751
839.875 57.203
840 39.5538
840.125 25.187
840.25 39.5262
840.375 57.2071
840.5 57.6882
840.625 57.6023
840.75 56.853
840.875 57.9289
841 57.6974
841.125 56.5993
841.25 57.4854
841.375 57.5334
841.5 57.4938
841.625 49.0765
841.75 35.3455
841.875 48.5333
842 56.5617
842.125 56.3939
842.25 57.052
842.375 56.9239
842.5 56.2134
842.625 56.2207
842.75 56.2721
842.875 55.3851
843 54.2328
843.125 39.4496
843.25 24.6012
843.375 39.1619
843.5 54.6929
843.625 54.2834
843.75 56.1325
843.875 56.0796
844 56.6701
844.125 57.0467
844.25 57.0841
844.375 57.429
844.5 57.1107
844.625 57.4761
844.75 57.1259
844.875 56.5084
845 57.3966
845.125 57.5702
845.25 57.3943
845.375 49.7692
845.5 37.7817
845.625 49.8554
845.75 57.6241
845.875 57.7658
846 57.8865
846.125 57.8872
846.25 56.7538
846.375 56.8259
846.5 56.5875
846.625 41.9951
846.75 27.1047
846.875 41.8753
847 56.9043
847.125 57.2409
847.25 57.3408
847.375 57.4478
847.5 57.4468
847.625 56.6882
847.75 55.1842
847.875 57.0464
848 57.4677
848.125 57.6017
848.25 57.2453
848.375 57.5948
848.5 57.5071
848.625 57.5959
848.75 57.4149
848.875 56.8715
849 57.1456
849.125 57.1561
849.25 56.5167
849.375 55.4126
849.5 49.6958
849.625 38.9291
849.75 48.8577
849.875 53.1463
850 53.6098
850.125 54.2054
850.25 54.5093
850.375 54.1901
850.5 53.5328
850.625 45.5921
850.75 33.2521
850.875 46.4582
851 55.9347
851.125 56.1104
851.25 56.0251
851.375 55.6222
851.5 55.5423
851.625 56.0522
851.75 56.1085
851.875 56.0361
852 56.1607
852.125 55.7431
852.25 54.1774
852.375 55.3525
852.5 55.5148
852.625 55.689
852.75 55.0298
852.875 54.325
853 54.4852
853.125 54.4794
853.25 53.3367
853.375 52.3524
853.5 52.4386
853.625 52.4312
853.75 50.8701
853.875 49.2861
854 41.3768
854.125 29.8855
854.25 40.9514
854.375 48.3829
854.5 49.4933
854.625 49.7051
854.75 51.3253
854.875 52.6412
855 48.5398
855.125 40.0767
855.25 49.4708
855.375 54.688
855.5 54.7241
855.625 54.4718
855.75 55.0904
855.875 55.5115
856 55.6255
856.125 55.5469
856.25 55.7034
856.375 55.8289
856.5 55.7084
856.625 55.7948
856.75 55.7269
856.875 55.6536
857 55.6429
857.125 55.523
857.25 55.5094
857.375 55.2002
857.5 54.2752
857.625 52.7647
857.75 54.1658
857.875 55.1165
858 54.8963
858.125 55.3173
858.25 55.3973
858.375 55.2796
858.5 55.3272
858.625 55.3384
858.75 55.3344
858.875 54.6813
859 52.4608
859.125 52.6078
859.25 54.6499
859.375 55.1645
859.5 55.2539
859.625 55.2697
859.75 54.3768
859.875 51.2575
860 51.2144
860.125 54.4
860.25 55.1397
860.375 54.9857
860.5 54.903
860.625 54.6001
860.75 54.63
860.875 54.3672
861 54.2958
861.125 54.0383
861.25 53.7078
861.375 54.1023
861.5 53.2164
861.625 53.4608
861.75 51.5115
861.875 53.3473
862 51.8019
862.125 49.9889
862.25 49.7206
862.375 48.0147
862.5 48.8279
862.625 51.5384
862.75 46.65
862.875 45.5161
863 44.1193
863.125 46.0218
863.25 50.6721
863.375 45.1899
863.5 45.989
863.625 50.9593
863.75 46.1098
863.875 47.5766
864 52.3481
864.125 49.6605
864.25 51.3903
864.375 53.4796
864.5 54.307
864.625 54.9508
864.75 52.2605
864.875 46.2333
865 51.6217
865.125 50.9883
865.25 42.1271
865.375 41.1133
865.5 46.5931
865.625 42.5035
865.75 45.2346
865.875 38.9003
866 43.6082
866.125 38.0654
866.25 36.991
866.375 46.2585
866.5 46.9007
866.625 38.0249
866.75 38.4277
866.875 48.6727
867 49.325
867.125 41.5844
867.25 41.5873
867.375 50.3785
867.5 53.4972
867.625 51.4277
867.75 45.2385
867.875 45.3034
868 52.0815
868.125 52.8595
868.25 47.9169
868.375 47.7673
868.5 52.8075
868.625 54.2451
868.75 53.1545
868.875 49.6063
869 49.3114
869.125 52.6969
869.25 53.3952
869.375 51.6466
869.5 51.4118
869.625 53.5152
869.75 54.0975
869.875 53.8548
870 52.8738
870.125 52.1183
870.25 51.2755
870.375 53.6555
870.5 54.2566
870.625 53.8275
870.75 53.3669
870.875 51.8331
871 52.1971
871.125 54.038
871.25 54.3767
871.375 54.4894
871.5 54.409
871.625 54.5589
871.75 54.644
871.875 54.5925
872 54.4874
872.125 54.5316
872.25 54.4622
872.375 54.2853
872.5 54.2784
872.625 54.2634
872.75 53.9412
872.875 53.0848
873 53.8885
873.125 54.1499
873.25 54.0272
873.375 53.8947
873.5 53.8862
873.625 53.8784
873.75 53.8335
873.875 53.6779
874 53.0366
874.125 52.9639
874.25 52.9807
874.375 53.7965
874.5 53.5979
874.625 54.0021
874.75 54.024
874.875 53.8437
875 53.7595
875.125 53.6005
875.25 52.6794
875.375 53.2246
875.5 53.4686
875.625 53.459
875.75 53.3369
875.875 53.1243
876 48.1139
876.125 37.6119
876.25 34.7079
876.375 26.5582
876.5 39.5019
876.625 50.7432
876.75 46.3946
876.875 31.1375
877 24.8551
877.125 38.1368
877.25 50.1244
877.375 52.2372
877.5 52.6714
877.625 52.3586
877.75 44.7044
877.875 33.5065
878 35.6386
878.125 25.3463
878.25 39.0567
878.375 52.8345
878.5 53.1542
878.625 53.1738
878.75 52.9717
878.875 52.7754
879 52.7788
879.125 51.9965
879.25 43.607
879.375 33.5391
879.5 44.9627
879.625 52.2127
879.75 52.3582
879.875 52.3611
880 52.35
880.125 52.3378
880.25 51.7956
880.375 51.3151
880.5 51.3303
880.625 51.351
880.75 51.6318
880.875 51.7666
881 51.151
881.125 48.7044
881.25 48.4505
881.375 51.4782
881.5 52.5166
881.625 52.528
881.75 52.6999
881.875 52.8713
882 52.8627
882.125 52.7183
882.25 52.4724
882.375 52.6264
882.5 52.4442
882.625 47.2005
882.75 37.3788
882.875 29.1061
883 17.3649
883.125 30.1683
883.25 50.5765
883.375 46.2818
883.5 42.3807
883.625 47.5675
883.75 38.138
883.875 25.1667
884 38.1789
884.125 51.7667
884.25 52.8032
884.375 53.0178
884.5 52.993
884.625 52.2953
884.75 50.3136
884.875 51.9584
885 52.2312
885.125 46.9997
885.25 36.9207
885.375 46.9371
885.5 52.3548
885.625 52.546
885.75 52.4125
885.875 52.2039
886 51.4979
886.125 51.5941
886.25 51.2755
886.375 49.0906
886.5 48.8025
886.625 49.9154
886.75 50.8385
886.875 39.8927
887 27.5285
887.125 40.1745
887.25 51.0859
887.375 51.3892
887.5 51.359
887.625 51.4296
887.75 51.3152
887.875 51.203
888 51.1457
888.125 50.1504
888.25 51.0586
888.375 51.1131
888.5 50.9723
888.625 50.3985
888.75 31.0402
888.875 18.3004
889 31.0427
889.125 49.1563
889.25 49.8604
889.375 51.0775
889.5 51.3459
889.625 50.791
889.75 49.4724
889.875 49.5736
890 50.3848
890.125 50.969
890.25 50.7698
890.375 39.2528
890.5 26.3729
890.625 38.8521
890.75 50.5381
890.875 50.9624
891 50.1517
891.125 48.7379
891.25 49.1919
891.375 50.6823
891.5 51.3145
891.625 51.2167
891.75 50.7726
891.875 50.4851
892 49.1892
892.125 30.5031
892.25 17.5049
892.375 30.0449
892.5 49.511
892.625 50.0936
892.75 50.2139
892.875 48.3484
893 47.7348
893.125 47.7419
893.25 47.6591
893.375 49.8923
893.5 49.8803
893.625 47.171
893.75 49.3956
893.875 49.0395
894 49.792
894.125 49.8969
894.25 47.6195
894.375 49.402
894.5 37.6329
894.625 26.6031
894.75 39.4975
894.875 46.1285
895 49.3812
895.125 47.5899
895.25 50.2044
895.375 48.2014
895.5 47.3541
895.625 47.2332
895.75 42.6123
895.875 37.7789
896 22.8807
896.125 21.8385
896.25 38.6523
896.375 49.65
896.5 39.8747
896.625 45.044
896.75 43.4
896.875 44.351
897 49.9963
897.125 48.9469
897.25 48.9605
897.375 33.1002
897.5 46.6357
897.625 46.262
897.75 43.9727
897.875 47.1406
898 48.7996
898.125 49.0643
898.25 39.1265
898.375 41.8512
898.5 47.4479
898.625 48.4726
898.75 47.9506
898.875 37.571
899 24.1696
899.125 22.9137
899.25 37.1448
899.375 27.2199
899.5 37.8171
899.625 47.1415
899.75 48.3921
899.875 48.4863
900 48.2672
900.125 47.7728
900.25 22.0039
900.375 19.6654
900.5 35.4356
900.625 33.6225
900.75 48.0174
900.875 45.897
901 37.3372
901.125 45.5635
901.25 47.9143
901.375 41.8831
901.5 43.5331
901.625 47.3721
901.75 47.9927
901.875 33.7356
902 42.1748
902.125 47.5195
902.25 47.4138
902.375 46.3268
902.5 36.7652
902.625 47.7451
902.75 45.5206
902.875 36.5592
903 48.0601
903.125 45.9213
903.25 46.5543
903.375 42.258
903.5 48.3863
903.625 48.9535
903.75 47.7282
903.875 44.685
904 36.2992
904.125 44.5183
904.25 46.816
904.375 48.1296
904.5 41.5986
904.625 47.9067
904.75 48.6999
904.875 48.7805
905 42.328
905.125 33.5815
905.25 34.6008
905.375 42.4988
905.5 41.7702
905.625 46.7363
905.75 48.0164
905.875 47.432
906 47.3164
906.125 47.9831
906.25 42.2513
906.375 45.8954
906.5 42.1985
906.625 41.4795
906.75 46.2842
906.875 45.8783
907 45.9007
907.125 33.9932
907.25 44.1445
907.375 40.5201
907.5 37.6791
907.625 40.9695
907.75 44.273
907.875 45.8999
908 46.1177
908.125 41.4742
908.25 34.9646
908.375 36.4258
908.5 45.397
908.625 45.3221
908.75 44.2003
908.875 38.2203
909 36.7189
909.125 45.5631
909.25 40.3605
909.375 43.5903
909.5 33.9251
909.625 37.3081
909.75 40.8823
909.875 45.3268
910 44.8735
910.125 41.3794
910.25 29.9084
910.375 41.2471
910.5 37.0585
910.625 37.1386
910.75 36.0637
910.875 41.5576
911 36.3175
911.125 40.9021
911.25 44.8246
911.375 45.1155
911.5 44.2882
911.625 44.9596
911.75 44.1338
911.875 42.5582
912 37.7254
912.125 31.6325
912.25 44.157
912.375 44.6061
912.5 45.0838
912.625 42.9268
912.75 42.8826
912.875 44.4407
913 41.6864
913.125 39.397
913.25 33.4142
913.375 39.0329
913.5 41.0371
913.625 40.9744
913.75 38.4007
913.875 27.1183
914 38.6895
914.125 44.3975
914.25 42.2748
914.375 43
914.5 43.2924
914.625 40.7009
914.75 42.7681
914.875 42.8511
915 43.0945
915.125 42.8385
915.25 38.9085
915.375 35.6556
915.5 26.4754
915.625 37.7965
915.75 35.057
915.875 31.4468
916 41.5619
916.125 42.4148
916.25 37.2827
916.375 33.4804
916.5 40.2838
916.625 41.5198
916.75 43.6181
916.875 43.9903
917 38.7268
917.125 40.687
917.25 42.9926
917.375 41.6368
917.5 38.4886
917.625 33.7587
917.75 33.8617
917.875 39.7418
918 39.5886
918.125 40.8405
918.25 43.6705
918.375 41.3776
918.5 43.4937
918.625 40.2894
918.75 34.5427
918.875 43.2453
919 43.3789
919.125 43.9637
919.25 42.4174
919.375 42.9789
919.5 39.9414
919.625 44.0239
919.75 36.9944
919.875 38.826
920 43.7049
920.125 42.7444
920.25 43.531
920.375 43.4712
920.5 43.7738
920.625 43.5364
920.75 41.8624
920.875 41.1676
921 40.5026
921.125 41.1157
921.25 42.7323
921.375 42.8398
921.5 40.4133
921.625 42.5447
921.75 36.8212
921.875 39.1545
922 32.3123
922.125 42.756
922.25 42.7363
922.375 42.9642
922.5 40.1361
922.625 38.0586
922.75 34.1517
922.875 42.1209
923 42.895
923.125 41.6264
923.25 40.171
923.375 41.7617
923.5 40.5965
923.625 42.7005
923.75 38.3524
923.875 41.6353
924 39.9885
924.125 37.8435
924.25 40.4879
924.375 41.7805
924.5 40.1124
924.625 40.5467
924.75 37.5698
924.875 37.0972
925 41.6498
925.125 41.2569
925.25 39.9696
925.375 36.87
925.5 40.9677
925.625 40.0784
925.75 40.0371
925.875 41.4391
926 41.1406
926.125 40.2724
926.25 37.5598
926.375 39.5299
926.5 39.5757
926.625 41.2301
926.75 42.2455
926.875 41.2845
927 42.4392
927.125 41.0699
927.25 41.3625
927.375 42.3243
927.5 39.0509
927.625 40.038
927.75 40.6847
927.875 40.959
928 39.9769
928.125 31.932
928.25 34.0341
928.375 41.7451
928.5 40.1387
928.625 41.449
928.75 32.5177
928.875 35.3213
929 39.956
929.125 37.9218
929.25 40.2292
929.375 36.8441
929.5 40.1743
929.625 38.1459
929.75 28.3448
929.875 0
