306.5 0.254176
312.2 1.07875
317.5 1.25254
318.3 1.43161
325 3.0163
331.5 2.55473
332.5 2.98794
339.8 5.61117
347.1 3.26299
348.3 3.79225
356.1 6.76454
364.1 4.98205
365.1 6.89321
373.5 6.64977
382.5 3.8118
383.4 4.07104
393.2 9.27762
403.3 13.3521
403.9 14.4478
414.5 23.5384
425.9 17.0545
427.2 18.0566
438.8 30.6865
451.3 28.71
453 27.9975
466.4 44.0898
480.6 31.3698
482 35.5
496.8 51.1993
512.8 30.7154
514.5 32.3444
531 55.167
545 25.2374
548 33.0177
550.5 9.95062
556 38.7077
559.3 5.00232
560.6 23.8639
562.9 23.5087
568 41.13
574.7 25.0471
575.5 28.8615
585.9 43.2015
595.9 32.6392
596.2 26.578
607.7 48.8197
617.7 35.8629
618.5 31.6088
629.5 53.7994
641.8 39.8998
642.3 34.3722
653.8 59.4336
667.5 44.1527
668.1 37.3574
682.1 64.3012
696 46.1265
696.8 39.927
711.2 67.0851
726 42.2144
726.6 48.5901
742.6 70.088
759.3 45.7212
761.7 49.2657
777.6 71.692
796 49.6635
797.4 43.7006
815.8 68.8028
836.2 49.4931
837.3 44.6089
860.2 68.1888
880.9 47.2271
882.5 41.9008
904.3 68.3138
928.4 40.0463
946.1 32.1252
957.3 48.5432
980 16.454
984.9 26.3328
986.79  22.5177
1001.6  25.0566
1005.77 41.2673
1022.3  12.2096
1025.49 22.5139
1025.49 52.1075
1046  83.6642
1067.34 49.4843
1067.35 56.6344
1089.58 84.9472
1112.76 45.1974
1112.77 53.2195
1136.96 69.0003
1162.22 51.7826
1162.22 60.5867
1188.64 93.4936
1216.28 57.6593
1216.28 62.1355
1245.24 93.4363
1275.61 54.5828
1275.61 63.2767
1307.5  94.1717
1341.02 46.1536
1341.03 65.8744
1376.31 37.0206
1413.51 36.4918
1413.52 39.5193
1452.78 85.8475
1494.28 63.9131
1494.29 71.912
1538.23 110.948
1584.85 69.8061
1584.85 80.7927
1634.38 112.957
1687.09 70.6692
1687.1  80.0982
1743.33 104.533
1803.45 41.6529
1803.45 46.1537
1867.86 19.3969
1937.04 22.4303
1937.04 25.3563
2011.54 22.5956
2092  23.4416
2092  26.4112
2179.17 22.7777
2273.91 8.58548
2273.92 9.64393
2377.28 6.25552
2490.48 0.413795
