350.0 0.30779550023739155
355.7973999999999 0.32914098794406954
358.5241 0.34110075463094947
378.9193999999999 0.39164947403381944
393.1304 0.398146061190101
405.64639999999997 0.40932216224117685
416.2032999999999 0.41972427332539086
431.4153 0.4263313589718737
434.1482 0.4334828590830926
447.10630000000003 0.44044044293640844
455.85169999999994 0.44048156207718697
471.1558 0.4451466120271122
483.0883 0.44494011235850295
495.26660000000004 0.4394905652992862
507.4753999999999 0.4257027765575466
523.7253999999999 0.4116802782896709
537.9056999999999 0.3948353048333239
558.3071 0.36519097351525476
574.3728 0.3361048881223405
597.9984 0.30167624486816236
