480 0.18721
481 0.18914
482 0.19104
483 0.19285
484 0.19463
485 0.19634
486 0.19792
487 0.19938
488 0.20081
489 0.20229
490 0.20381
491 0.20525
492 0.20667
493 0.20813
494 0.20971
495 0.21132
496 0.21282
497 0.21419
498 0.21535
499 0.21643
500 0.2175
501 0.21861
502 0.21971
503 0.22075
504 0.22181
505 0.22299
506 0.22422
507 0.22542
508 0.2265
509 0.22751
510 0.22845
511 0.22935
512 0.23018
513 0.23096
514 0.23169
515 0.23242
516 0.23318
517 0.2339
518 0.23455
519 0.23507
520 0.23552
521 0.23593
522 0.23637
523 0.23685
524 0.23733
525 0.2377
526 0.23795
527 0.23806
528 0.23817
529 0.2383
530 0.23847
531 0.23863
532 0.23871
533 0.23875
534 0.23879
535 0.23884
536 0.23895
537 0.23912
538 0.23939
539 0.23974
540 0.24008
541 0.24048
542 0.24093
543 0.24145
544 0.24192
545 0.24238
546 0.24282
547 0.24326
548 0.2437
549 0.24408
550 0.24443
551 0.24476
552 0.2451
553 0.24547
554 0.24588
555 0.24631
556 0.2467
557 0.24705
558 0.24731
559 0.24764
560 0.24793
561 0.24819
562 0.24846
563 0.24875
564 0.24904
565 0.24928
566 0.24958
567 0.24995
568 0.25043
569 0.25093
570 0.25149
571 0.25205
572 0.25258
573 0.25305
574 0.25355
575 0.25403
576 0.25451
577 0.25498
578 0.25553
579 0.25618
580 0.25692
581 0.25771
582 0.25853
583 0.25936
584 0.26021
585 0.26109
586 0.26198
587 0.26281
588 0.26358
589 0.26421
590 0.26475
591 0.26527
592 0.26574
593 0.26619
594 0.26666
595 0.26727
596 0.26799
597 0.26872
598 0.26942
599 0.2701
600 0.2708
601 0.27146
602 0.27211
603 0.27275
604 0.27339
605 0.27406
606 0.27468
607 0.27535
608 0.27597
609 0.2766
610 0.27725
611 0.27797
612 0.27878
613 0.27963
614 0.28044
615 0.28113
616 0.28169
617 0.28214
618 0.28255
619 0.28292
620 0.28325
621 0.28352
622 0.28378
623 0.28401
624 0.28426
625 0.28452
626 0.28482
627 0.28521
628 0.28566
629 0.28614
630 0.28658
631 0.28698
632 0.28741
633 0.28795
634 0.28855
635 0.28919
636 0.28987
637 0.2906
638 0.29146
639 0.29239
640 0.2934
641 0.29449
642 0.29559
643 0.29672
644 0.29785
645 0.29903
646 0.30014
647 0.30113
648 0.30197
649 0.30269
650 0.30332
651 0.30388
652 0.30436
653 0.30481
654 0.30522
655 0.30557
656 0.30589
657 0.30623
658 0.30662
659 0.30703
660 0.30744
661 0.30776
662 0.30813
663 0.30847
664 0.30882
665 0.30915
666 0.30952
667 0.30994
668 0.31037
669 0.31088
670 0.31152
671 0.31217
672 0.31281
673 0.31336
674 0.3139
675 0.31431
676 0.31462
677 0.31485
678 0.31507
679 0.31526
680 0.31538
681 0.31545
682 0.31547
683 0.31543
684 0.31538
685 0.31532
686 0.31528
687 0.3152
688 0.31508
689 0.31494
690 0.31486
691 0.31489
692 0.31492
693 0.31497
694 0.31504
695 0.31523
696 0.31547
697 0.31571
698 0.31584
699 0.31599
700 0.31604
701 0.31609
702 0.31615
703 0.31624
704 0.31625
705 0.31627
706 0.31628
707 0.31625
708 0.31615
709 0.31597
710 0.31576
711 0.31551
712 0.31524
713 0.31493
714 0.31454
715 0.31404
716 0.31351
717 0.31295
718 0.31231
719 0.31154
720 0.31076
721 0.30999
722 0.30924
723 0.30853
724 0.30779
725 0.30704
726 0.30631
727 0.30557
728 0.30488
729 0.30417
730 0.30344
731 0.30269
732 0.30193
733 0.30124
734 0.30038
735 0.29956
736 0.29889
737 0.29824
738 0.29758
739 0.29689
740 0.29625
741 0.29558
742 0.2949
743 0.29413
744 0.29336
745 0.29262
746 0.29183
747 0.29102
748 0.29028
749 0.28954
750 0.28873
751 0.28786
752 0.28705
753 0.28624
754 0.28549
755 0.28472
756 0.28398
757 0.2832
758 0.28229
759 0.28124
760 0.28008
761 0.27898
762 0.27796
763 0.27704
764 0.27622
765 0.27547
766 0.27481
767 0.27404
768 0.27315
769 0.2721
770 0.271
771 0.26987
772 0.2688
773 0.26771
774 0.26669
775 0.26559
776 0.2644
777 0.26313
778 0.26185
779 0.26066
780 0.25957
781 0.25845
782 0.25733
783 0.25631
784 0.2554
785 0.2545
786 0.25362
787 0.25266
788 0.2516
789 0.25045
790 0.24936
791 0.24831
792 0.24727
793 0.24619
794 0.24507
795 0.24392
796 0.24266
797 0.24132
798 0.24006
799 0.23902
800 0.23803
801 0.23704
802 0.23602
803 0.23508
804 0.23401
805 0.23289
806 0.2318
807 0.23084
808 0.23
809 0.22924
810 0.22848
811 0.22781
812 0.22724
813 0.22667
814 0.22594
815 0.22501
816 0.22404
817 0.22314
818 0.22232
819 0.22152
820 0.22073
821 0.21995
822 0.21918
823 0.21841
824 0.21766
825 0.21692
826 0.21619
827 0.21546
828 0.21475
829 0.21404
830 0.21335
831 0.21278
832 0.21249
833 0.21223
834 0.21188
835 0.21128
836 0.21067
837 0.21012
838 0.20956
839 0.20893
840 0.20816
841 0.20726
842 0.20622
843 0.20523
844 0.20424
845 0.20348
846 0.20282
847 0.20219
848 0.20146
849 0.20078
850 0.20029
851 0.19993
852 0.19949
853 0.19898
854 0.19842
855 0.19792
856 0.19747
857 0.19708
858 0.19679
859 0.19643
860 0.19597
861 0.19531
862 0.19444
863 0.19354
864 0.19272
865 0.19201
866 0.19124
867 0.19032
868 0.18929
869 0.18818
870 0.18696
871 0.18566
872 0.18441
873 0.18335
874 0.18252
875 0.18167
876 0.18083
877 0.18
878 0.17926
879 0.17852
880 0.17771
881 0.17688
882 0.17606
883 0.17525
884 0.17439
885 0.17352
886 0.17271
887 0.17189
888 0.17086
889 0.16968
890 0.16843
891 0.16735
892 0.16652
893 0.16579
894 0.16501
895 0.16403
896 0.16283
897 0.16166
898 0.16044
899 0.15926
900 0.15796
901 0.15649
902 0.15508
903 0.15368
904 0.15235
905 0.15088
906 0.14931
907 0.14775
908 0.14628
909 0.14495
910 0.14367
911 0.14239
912 0.14112
913 0.13984
914 0.13877
915 0.13726
916 0.13597
917 0.13482
918 0.13392
919 0.13297
920 0.13219
921 0.13145
922 0.13064
923 0.12971
924 0.12874
925 0.12781
926 0.12687
927 0.12589
928 0.12489
929 0.12389
930 0.12289
