320 62.8035
320.125 83.9251
320.25 88.0345
320.375 89.5061
320.5 90.495
320.625 91.4963
320.75 95.0342
320.875 115.81
321 149.287
321.125 151.913
321.25 146.217
321.375 139.076
321.5 125.879
321.625 128.048
321.75 121.022
321.875 119.075
322 106.468
322.125 107.86
322.25 115.338
322.375 101.438
322.5 90.4963
322.625 88.6941
322.75 89.6256
322.875 93.553
323 97.9485
323.125 96.0907
323.25 94.4048
323.375 95.2765
323.5 99.2188
323.625 103.818
323.75 102.222
323.875 101.019
324 98.2952
324.125 96.1889
324.25 95.8816
324.375 95.9558
324.5 95.6097
324.625 94.4098
324.75 93.0943
324.875 92.8614
325 93.689
325.125 94.8416
325.25 95.6319
325.375 95.8751
325.5 96.1661
325.625 97.858
325.75 106.185
325.875 118.971
326 118.729
326.125 118.714
326.25 125.633
326.375 124.303
326.5 127.339
326.625 117.605
326.75 115.086
326.875 116.57
327 109.099
327.125 113.646
327.25 124.916
327.375 113.968
327.5 111.284
327.625 118.229
327.75 107.798
327.875 100.731
328 113.266
328.125 129.512
328.25 114.721
328.375 102.792
328.5 108.898
328.625 120.983
328.75 123.482
328.875 122.075
329 113.823
329.125 111.092
329.25 112.926
329.375 123.543
329.5 138.749
329.625 146.515
329.75 149.697
329.875 137.238
330 136.707
330.125 138.208
330.25 146.18
330.375 124.758
330.5 116.935
330.625 126.487
330.75 116.032
330.875 117.686
331 132.707
331.125 123.971
331.25 117.944
331.375 121.382
331.5 111.344
331.625 104.414
331.75 107.992
331.875 113.173
332 108.517
332.125 105.003
332.25 108.888
332.375 114.256
332.5 111.873
332.625 110.984
332.75 112.443
332.875 120.364
333 121.469
333.125 110.687
333.25 106.15
333.375 108.6
333.5 109.04
333.625 106.841
333.75 103.241
333.875 101.73
334 101.942
334.125 102.392
334.25 102.794
334.375 103.109
334.5 103.344
334.625 103.52
334.75 103.66
334.875 103.784
335 103.895
335.125 103.978
335.25 104.024
335.375 104.035
335.5 104.007
335.625 103.911
335.75 103.725
335.875 103.479
336 103.178
336.125 102.795
336.25 102.333
336.375 101.877
336.5 101.613
336.625 103.218
336.75 117.321
336.875 146.077
337 151.405
337.125 138.097
337.25 145.304
337.375 147.184
337.5 156.124
337.625 159.721
337.75 156.115
337.875 129.022
338 124.991
338.125 135.268
338.25 121.009
338.375 117.404
338.5 123.026
338.625 112.82
338.75 104.982
338.875 103.994
339 104.031
339.125 104.09
339.25 104.132
339.375 104.172
339.5 104.227
339.625 104.28
339.75 104.283
339.875 104.182
340 104.016
340.125 103.94
340.25 104.023
340.375 104.201
340.5 104.39
340.625 104.51
340.75 104.512
340.875 104.449
341 104.363
341.125 104.264
341.25 104.152
341.375 104.029
341.5 103.916
341.625 103.883
341.75 104.366
341.875 107.822
342 114.518
342.125 115.789
342.25 114.56
342.375 117.019
342.5 110.689
342.625 105.49
342.75 105.03
342.875 107.526
343 112.23
343.125 111.923
343.25 107.549
343.375 109.661
343.5 121.234
343.625 125.906
343.75 112.873
343.875 104.012
344 102.522
344.125 102.208
344.25 101.982
344.375 101.775
344.5 101.606
344.625 101.593
344.75 102.137
344.875 105.941
345 119.096
345.125 134.424
345.25 133.369
345.375 131.33
345.5 135.046
345.625 131.372
345.75 133.552
345.875 127.583
346 126.785
346.125 114.871
346.25 107.977
346.375 109.542
346.5 106.597
346.625 104.044
346.75 103.647
346.875 103.574
347 103.499
347.125 103.41
347.25 103.321
347.375 103.255
347.5 103.478
347.625 106.617
347.75 120.826
347.875 144.216
348 158.947
348.125 170.767
348.25 173.213
348.375 162.698
348.5 163.771
348.625 154.532
348.75 150.952
348.875 139.08
349 127.04
349.125 123.249
349.25 117.05
349.375 117.203
349.5 124.425
349.625 116.749
349.75 111.606
349.875 109.736
350 110.372
350.125 111.758
350.25 114.8
350.375 112.886
350.5 114.063
350.625 113.467
350.75 110.301
350.875 111.324
351 111.52
351.125 110.915
351.25 112.411
351.375 108.309
351.5 105.406
351.625 108.402
351.75 112.371
351.875 108.368
352 106.27
352.125 107.492
352.25 105.491
352.375 103.739
352.5 103.41
352.625 103.409
352.75 103.58
352.875 103.83
353 104.09
353.125 104.346
353.25 104.601
353.375 104.858
353.5 105.106
353.625 105.325
353.75 105.511
353.875 105.973
354 109.106
354.125 119.363
354.25 131.399
354.375 136.134
354.5 142.702
354.625 145.882
354.75 139.059
354.875 130.306
355 125.064
355.125 123.932
355.25 127.056
355.375 139.047
355.5 149.32
355.625 148.916
355.75 140.891
355.875 131.291
356 130.697
356.125 143.112
356.25 144.542
356.375 154.677
356.5 135.801
356.625 120.82
356.75 122.218
356.875 116.897
357 106.942
357.125 102.534
357.25 101.79
357.375 101.533
357.5 101.557
357.625 103.275
357.75 105.283
357.875 102.824
358 100.908
358.125 102.367
358.25 104.368
358.375 101.907
358.5 99.7854
358.625 99.5825
358.75 99.9918
358.875 100.571
359 101.171
359.125 101.771
359.25 102.372
359.375 102.97
359.5 103.522
359.625 103.888
359.75 103.969
359.875 103.923
360 103.868
360.125 103.824
360.25 103.785
360.375 103.748
360.5 103.703
360.625 103.622
360.75 103.486
360.875 103.324
361 103.161
361.125 103.025
361.25 103.7
361.375 110.293
361.5 124.366
361.625 133.99
361.75 138.654
361.875 137.489
362 129.456
362.125 123.286
362.25 123.556
362.375 120.74
362.5 113.531
362.625 114.606
362.75 119.109
362.875 121.079
363 121.26
363.125 119.344
363.25 127.292
363.375 132.873
363.5 132.85
363.625 126.474
363.75 124.102
363.875 129.826
364 129.999
364.125 129.372
364.25 122.459
364.375 117.157
364.5 113.993
364.625 112.304
364.75 111.277
364.875 113.229
365 111.628
365.125 108.23
365.25 107.135
365.375 107.293
365.5 107.592
365.625 107.857
365.75 108.067
365.875 108.252
366 108.433
366.125 108.619
366.25 108.972
366.375 110.397
366.5 112.098
366.625 111.657
366.75 111.687
366.875 112.537
367 113.981
367.125 111.473
367.25 110.313
367.375 111.427
367.5 112.225
367.625 113.471
367.75 110.745
367.875 108.452
368 107.996
368.125 107.824
368.25 107.661
368.375 107.5
368.5 107.363
368.625 107.343
368.75 107.522
368.875 107.79
369 108.033
369.125 108.201
369.25 108.331
369.375 108.474
369.5 109.183
369.625 114.145
369.75 124.768
369.875 132.488
370 136.676
370.125 136.239
370.25 130.034
370.375 125.92
370.5 121.818
370.625 119.194
370.75 118.123
370.875 119.482
371 117.69
371.125 113.271
371.25 108.484
371.375 108.6
371.5 111.27
371.625 109.84
371.75 109.018
371.875 107.699
372 107.438
372.125 107.862
372.25 109.029
372.375 105.613
372.5 102.724
372.625 102.247
372.75 103.931
372.875 106.443
373 107.493
373.125 110.563
373.25 114.674
373.375 126.249
373.5 126.101
373.625 123.77
373.75 137.466
373.875 149.299
374 143.007
374.125 128.625
374.25 120.911
374.375 126.398
374.5 119.443
374.625 118.992
374.75 112.649
374.875 103.853
375 104.152
375.125 104.979
375.25 103.308
375.375 108.134
375.5 112.376
375.625 106.163
375.75 105.862
375.875 110.325
376 106.113
376.125 100.793
376.25 102.553
376.375 107.4
376.5 105.738
376.625 102.882
376.75 100.336
376.875 100.68
377 102.884
377.125 103.653
377.25 108.145
377.375 118.838
377.5 126.997
377.625 115.726
377.75 110.213
377.875 109.201
378 108.797
378.125 111.603
378.25 106.935
378.375 110.233
378.5 118.755
378.625 109.247
378.75 100.904
378.875 101.438
379 105.316
379.125 108.597
379.25 109.977
379.375 108.072
379.5 111.219
379.625 107.769
379.75 102.553
379.875 99.8576
380 101.189
380.125 102.771
380.25 98.7439
380.375 95.951
380.5 95.6685
380.625 95.6196
380.75 95.4918
380.875 96.3085
381 97.5423
381.125 98.1427
381.25 104.177
381.375 114.458
381.5 120.741
381.625 119.296
381.75 114.983
381.875 113.461
382 114.178
382.125 110.605
382.25 109.034
382.375 107.716
382.5 102.552
382.625 101.265
382.75 102.555
382.875 108.541
383 119.462
383.125 135.27
383.25 134.868
383.375 116.624
383.5 108.64
383.625 109.645
383.75 120.215
383.875 105.709
384 95.3938
384.125 100.491
384.25 96.5666
384.375 95.2104
384.5 106.122
384.625 112.799
384.75 109.456
384.875 106.357
385 106.976
385.125 97.4179
385.25 89.6578
385.375 90.823
385.5 94.6714
385.625 93.8946
385.75 88.7883
385.875 86.0433
386 85.5701
386.125 85.4231
386.25 85.6389
386.375 88.1286
386.5 90.9952
386.625 87.8286
386.75 85.0376
386.875 84.5249
387 84.4062
387.125 84.3875
387.25 84.6443
387.375 86.4168
387.5 88.438
387.625 86.4421
387.75 84.6812
387.875 84.4306
388 84.6262
388.125 86.1941
388.25 87.9883
388.375 86.1646
388.5 84.6299
388.625 85.7024
388.75 94.5178
388.875 105.832
389 98.4527
389.125 89.0514
389.25 86.9782
389.375 87.2201
389.5 87.6718
389.625 88.0583
389.75 88.3242
389.875 88.5317
390 88.724
390.125 88.944
390.25 90.5495
390.375 101.946
390.5 122.297
390.625 127.737
390.75 124.934
390.875 123.235
391 122.944
391.125 119.307
391.25 114.548
391.375 112.871
391.5 110.409
391.625 106.68
391.75 106.147
391.875 108.205
392 103.188
392.125 98.8139
392.25 99.3337
392.375 100.417
392.5 99.1612
392.625 96.0442
392.75 93.5199
392.875 92.8935
393 90.9531
393.125 91.041
393.25 87.8935
393.375 81.5174
393.5 78.1893
393.625 78.2177
393.75 79.9692
393.875 83.7185
394 93.4747
394.125 104.666
394.25 109.563
394.375 106.007
394.5 102.216
394.625 101.687
394.75 103.016
394.875 103.499
395 104.992
395.125 113.528
395.25 107.035
395.375 101.43
395.5 102.872
395.625 102.345
395.75 95.0207
395.875 91.9112
396 95.3136
396.125 96.0909
396.25 89.9223
396.375 85.5631
396.5 84.1929
396.625 83.59
396.75 83.5701
396.875 83.8216
397 84.1263
397.125 85.0659
397.25 90.1619
397.375 96.5744
397.5 93.4626
397.625 96.6886
397.75 106.043
397.875 100.8
398 101.92
398.125 107.044
398.25 102.779
398.375 103.678
398.5 105.626
398.625 102.259
398.75 105.256
398.875 112.207
399 107.296
399.125 102.228
399.25 106.128
399.375 112.052
399.5 106.92
399.625 102.684
399.75 104.669
399.875 110.67
400 112.803
400.125 106.8
400.25 102.953
400.375 102.54
400.5 103.357
400.625 109.518
400.75 122.584
400.875 133.309
401 137.16
401.125 128.448
401.25 123.673
401.375 124.258
401.5 119.837
401.625 118.101
401.75 117.011
401.875 116.135
402 116.936
402.125 115.149
402.25 113.446
402.375 114.9
402.5 115.015
402.625 113.499
402.75 111.587
402.875 113.505
403 111.835
403.125 109.358
403.25 107.953
403.375 105.356
403.5 103.87
403.625 103.596
403.75 103.558
403.875 103.558
404 103.581
404.125 104.197
404.25 109.149
404.375 119.027
404.5 121.111
404.625 120.451
404.75 126.797
404.875 125.785
405 132.175
405.125 125.333
405.25 111.25
405.375 111.974
405.5 119.175
405.625 113.278
405.75 113.426
405.875 119.753
406 118.489
406.125 118.676
406.25 119.823
406.375 118.619
406.5 123.505
406.625 125.647
406.75 120.64
406.875 117.85
407 108.659
407.125 102.712
407.25 101.988
407.375 102.554
407.5 106.455
407.625 111.145
407.75 109.237
407.875 115.476
408 130.466
408.125 131.923
408.25 119.652
408.375 114.54
408.5 115.967
408.625 120.16
408.75 116.249
408.875 111.468
409 110.296
409.125 113.612
409.25 115.322
409.375 114.796
409.5 111.703
409.625 114.083
409.75 118.448
409.875 116.207
410 113.111
410.125 108.962
410.25 105.996
410.375 106.482
410.5 103.263
410.625 107.461
410.75 117.667
410.875 114.37
411 108.481
411.125 104.388
411.25 104.484
411.375 109.353
411.5 112.122
411.625 108.124
411.75 105.217
411.875 105.278
412 108.95
412.125 115.657
412.25 115.6
412.375 111.657
412.5 112.698
412.625 113.911
412.75 114.183
412.875 110.139
413 109.224
413.125 110.06
413.25 110.12
413.375 110.188
413.5 113.042
413.625 116.54
413.75 114.395
413.875 115.185
414 110.738
414.125 105.549
414.25 104.535
414.375 107.67
414.5 111.428
414.625 107.681
414.75 104.425
414.875 104.015
415 104.038
415.125 104.068
415.25 104.427
415.375 107.821
415.5 118.683
415.625 127.192
415.75 124.119
415.875 124.888
416 122.999
416.125 126.044
416.25 124.747
416.375 135.296
416.5 141.329
416.625 134.269
416.75 135.671
416.875 139.694
417 129.443
417.125 124.293
417.25 126.024
417.375 125.063
417.5 123.63
417.625 120.525
417.75 123.768
417.875 118.352
418 108.301
418.125 107.036
418.25 111.963
418.375 115.132
418.5 118.7
418.625 118.441
418.75 113.944
418.875 114.801
419 111.06
419.125 105.75
419.25 104.503
419.375 107.665
419.5 111.48
419.625 107.812
419.75 104.678
419.875 104.955
420 109.254
420.125 114.254
420.25 110.455
420.375 107.975
420.5 108.468
420.625 113.68
420.75 120.526
420.875 113.033
421 106.573
421.125 105.779
421.25 105.881
421.375 106.497
421.5 110.217
421.625 114.298
421.75 109.786
421.875 105.645
422 104.614
422.125 104.087
422.25 104.154
422.375 107.945
422.5 112.385
422.625 107.162
422.75 102.958
422.875 102.673
423 102.991
423.125 103.347
423.25 104.212
423.375 108.351
423.5 113.026
423.625 108.968
423.75 105.372
423.875 105.009
424 105.151
424.125 105.31
424.25 105.482
424.375 106.043
424.5 109.583
424.625 117.611
424.75 121.921
424.875 118.027
425 114.783
425.125 115.427
425.25 115.073
425.375 113.319
425.5 108.032
425.625 104.902
425.75 104.46
425.875 104.44
426 104.438
426.125 104.436
426.25 104.434
426.375 104.431
426.5 104.415
426.625 104.317
426.75 104.063
426.875 103.739
427 103.612
427.125 104.824
427.25 106.256
427.375 104.14
427.5 102.264
427.625 101.938
427.75 102.875
427.875 104.92
428 105.161
428.125 103.425
428.25 104.542
428.375 109.155
428.5 110.799
428.625 107.265
428.75 103.2
428.875 101.794
429 103.236
429.125 105.097
429.25 102.628
429.375 100.437
429.5 100.145
429.625 102.044
429.75 105.903
429.875 105.22
430 99.7102
430.125 96.705
430.25 98.4367
430.375 100.901
430.5 96.7648
430.625 93.6205
430.75 94.2403
430.875 97.0319
431 101.546
431.125 104.853
431.25 108.817
431.375 114.153
431.5 113.874
431.625 117.415
431.75 121.885
431.875 114.548
432 110.398
432.125 112.563
432.25 107.95
432.375 104.207
432.5 104.636
432.625 105.799
432.75 104.767
432.875 103.959
433 104.052
433.125 104.284
433.25 104.521
433.375 104.757
433.5 104.979
433.625 105.128
433.75 105.725
433.875 110.257
434 115.444
434.125 109.961
434.25 105.146
434.375 104.352
434.5 104.195
434.625 104.132
434.75 104.208
434.875 104.353
435 104.513
435.125 104.685
435.25 104.864
435.375 105.044
435.5 105.239
435.625 105.534
435.75 106.019
435.875 106.596
436 107.185
436.125 107.776
436.25 108.366
436.375 108.956
436.5 109.533
436.625 110.497
436.75 114.925
436.875 119.795
437 114.375
437.125 109.595
437.25 108.684
437.375 108.374
437.5 108.071
437.625 107.692
437.75 107.168
437.875 106.571
438 105.973
438.125 105.633
438.25 107.085
438.375 109.845
438.5 108.505
438.625 105.012
438.75 103.941
438.875 104.625
439 106.552
439.125 108.66
439.25 108.021
439.375 107.551
439.5 108.08
439.625 108.53
439.75 108.722
439.875 110.321
440 115.272
440.125 120.151
440.25 120.079
440.375 119.227
440.5 124.885
440.625 132.79
440.75 135.205
440.875 133.027
441 125.509
441.125 130.045
441.25 130.275
441.375 121.384
441.5 123.742
441.625 127.68
441.75 118.842
441.875 113.308
442 117.216
442.125 123.46
442.25 119.691
442.375 114.523
442.5 115.393
442.625 118.02
442.75 115.182
442.875 112.619
443 112.321
443.125 113.687
443.25 115.289
443.375 113.607
443.5 113.781
443.625 115.636
443.75 113.554
443.875 111.841
444 111.766
444.125 111.957
444.25 112.557
444.375 116.02
444.5 122.092
444.625 121.717
444.75 115.606
444.875 112.253
445 111.492
445.125 111.084
445.25 110.704
445.375 110.577
445.5 111.721
445.625 114.837
445.75 116.061
445.875 112.606
446 110.794
446.125 113.269
446.25 116.413
446.375 113.68
446.5 111.587
446.625 113.422
446.75 116.013
446.875 114.358
447 112.984
447.125 113.254
447.25 114.123
447.375 117.214
447.5 120.649
447.625 118.031
447.75 115.417
447.875 114.825
448 114.547
448.125 114.286
448.25 114.277
448.375 115.893
448.5 117.79
448.625 115.478
448.75 113.636
448.875 113.525
449 113.681
449.125 113.845
449.25 114.009
449.375 114.172
449.5 114.339
449.625 114.546
449.75 114.834
449.875 115.165
450 115.506
450.125 115.854
450.25 116.206
450.375 116.567
450.5 117.172
450.625 119.309
450.75 121.521
450.875 119.308
451 117.351
451.125 117.023
451.25 116.948
451.375 116.883
451.5 116.809
451.625 116.651
451.75 116.323
451.875 115.904
452 115.471
452.125 115.038
452.25 114.604
452.375 114.171
452.5 113.757
452.625 113.586
452.75 114.593
452.875 117.241
453 119.476
453.125 118.933
453.25 116.023
453.375 116.398
453.5 121.57
453.625 125.906
453.75 126.007
453.875 125.739
454 124.985
454.125 124.112
454.25 122.287
454.375 123.139
454.5 118.658
454.625 115.14
454.75 114.788
454.875 114.965
455 115.619
455.125 119.72
455.25 128.41
455.375 130.354
455.5 121.82
455.625 116.765
455.75 116.255
455.875 116.392
456 116.548
456.125 116.71
456.25 117.078
456.375 118.779
456.5 120.904
456.625 120.825
456.75 121.159
456.875 119.291
457 117.847
457.125 117.735
457.25 117.829
457.375 117.936
457.5 118.306
457.625 120.361
457.75 122.978
457.875 123.904
458 126.97
458.125 127.648
458.25 130.147
458.375 129.764
458.5 126.628
458.625 125.323
458.75 123.172
458.875 121.409
459 122.478
459.125 119.227
459.25 116.629
459.375 116.392
459.5 116.52
459.625 116.657
459.75 116.785
459.875 116.908
460 117.028
460.125 117.146
460.25 117.262
460.375 117.377
460.5 117.491
460.625 117.594
460.75 117.678
460.875 117.752
461 117.823
461.125 117.895
461.25 117.967
461.375 118.037
461.5 118.112
461.625 118.209
461.75 118.351
461.875 118.516
462 118.684
462.125 118.851
462.25 119.018
462.375 119.187
462.5 119.347
462.625 119.435
462.75 119.377
462.875 119.243
463 119.097
463.125 118.95
463.25 118.802
463.375 118.655
463.5 118.509
463.625 118.364
463.75 118.217
463.875 118.068
464 117.921
464.125 117.774
464.25 117.627
464.375 117.479
464.5 117.342
464.625 117.29
464.75 117.407
464.875 117.611
465 117.828
465.125 118.045
465.25 118.262
465.375 118.48
465.5 118.684
465.625 118.78
465.75 118.984
465.875 121.485
466 126.088
466.125 127.855
466.25 126.947
466.375 121.074
466.5 117.668
466.625 119.627
466.75 123.925
466.875 124.743
467 124.197
467.125 126.302
467.25 131.449
467.375 130.47
467.5 133.854
467.625 131.49
467.75 123.964
467.875 121.918
468 127.317
468.125 134.195
468.25 126.492
468.375 119.828
468.5 118.89
468.625 118.852
468.75 118.868
468.875 118.896
469 118.924
469.125 118.952
469.25 118.981
469.375 119.007
469.5 119.021
469.625 118.968
469.75 118.78
469.875 118.51
470 118.225
470.125 117.944
470.25 117.664
470.375 117.384
470.5 117.124
470.625 117.028
470.75 117.276
470.875 117.952
471 120.267
471.125 122.852
471.25 121.165
471.375 119.747
471.5 119.927
471.625 120.288
471.75 120.775
471.875 122.938
472 125.379
472.125 123.159
472.25 121.23
472.375 121.056
472.5 121.149
472.625 121.205
472.75 121.162
472.875 121.069
473 120.969
473.125 120.866
473.25 120.76
473.375 120.656
473.5 120.561
473.625 120.537
473.75 120.659
473.875 120.86
474 121.072
474.125 121.284
474.25 121.494
474.375 121.704
474.5 121.905
474.625 122.042
474.75 122.05
474.875 121.989
475 121.915
475.125 121.839
475.25 121.762
475.375 121.684
475.5 121.605
475.625 121.508
475.75 121.375
475.875 121.221
476 121.066
476.125 120.913
476.25 120.764
476.375 120.617
476.5 120.486
476.625 120.477
476.75 120.709
476.875 121.071
477 121.454
477.125 121.841
477.25 122.232
477.375 122.625
477.5 123.004
477.625 123.259
477.75 123.265
477.875 123.139
478 122.998
478.125 122.857
478.25 122.716
478.375 122.575
478.5 122.443
478.625 122.4
478.75 122.54
478.875 122.776
479 123.028
479.125 123.28
479.25 123.532
479.375 123.781
479.5 124.02
479.625 124.189
479.75 124.213
479.875 124.157
480 124.076
480.125 123.967
480.25 123.843
480.375 123.716
480.5 123.595
480.625 123.536
480.75 123.615
480.875 123.888
481 125.175
481.125 128.332
481.25 129.836
481.375 126.82
481.5 124.826
481.625 124.928
481.75 127.489
481.875 133.57
482 138.422
482.125 136.942
482.25 130.157
482.375 129.482
482.5 131.047
482.625 129.907
482.75 133.286
482.875 133.454
483 127.041
483.125 123.432
483.25 122.955
483.375 122.92
483.5 122.897
483.625 122.846
483.75 122.73
483.875 122.595
484 122.996
484.125 126.896
484.25 131.378
484.375 126.593
484.5 122.878
484.625 125.811
484.75 129.698
484.875 125.026
485 120.887
485.125 119.978
485.25 119.579
485.375 119.197
485.5 118.808
485.625 118.376
485.75 117.874
485.875 117.908
486 121.74
486.125 126.201
486.25 120.555
486.375 115.54
486.5 114.365
486.625 114.046
486.75 114.297
486.875 114.876
487 115.524
487.125 116.178
487.25 116.832
487.375 117.488
487.5 118.134
487.625 118.701
487.75 119.101
487.875 119.422
488 120.2
488.125 124.037
488.25 128.379
488.375 124.599
488.5 121.325
488.625 121.089
488.75 121.276
488.875 121.449
489 121.614
489.125 121.781
489.25 121.948
489.375 122.114
489.5 122.28
489.625 122.448
489.75 122.618
489.875 122.788
490 122.956
490.125 123.139
490.25 123.95
490.375 128.816
490.5 134.343
490.625 129.017
490.75 124.328
490.875 124.724
491 125.915
491.125 124.054
491.25 122.386
491.375 121.877
491.5 121.566
491.625 121.648
491.75 123.906
491.875 126.591
492 123.917
492.125 121.579
492.25 121.269
492.375 121.276
492.5 121.293
492.625 121.304
492.75 121.315
492.875 121.673
493 124.419
493.125 128.482
493.25 126.757
493.375 123.089
493.5 123.871
493.625 132.744
493.75 140.384
493.875 131.068
494 123.885
494.125 123.377
494.25 123.888
494.375 124.439
494.5 125.19
494.625 127.191
494.75 129.016
494.875 126.758
495 124.713
495.125 124.932
495.25 130.722
495.375 137.407
495.5 129.912
495.625 123.45
495.75 122.648
495.875 122.86
496 123.14
496.125 123.581
496.25 125.05
496.375 127.007
496.5 128.291
496.625 130.022
496.75 127.248
496.875 124.896
497 124.569
497.125 124.562
497.25 124.722
497.375 125.904
497.5 127.423
497.625 127.306
497.75 127.341
497.875 125.182
498 123.346
498.125 122.675
498.25 122.184
498.375 121.699
498.5 121.234
498.625 120.938
498.75 120.997
498.875 121.271
499 121.747
499.125 123.245
499.25 125.006
499.375 124.742
499.5 125.304
499.625 125.296
499.75 123.701
499.875 122.609
500 122.153
500.125 121.797
500.25 121.582
500.375 122.24
500.5 123.047
500.625 121.592
500.75 120.374
500.875 120.081
501 119.938
501.125 119.798
501.25 119.655
501.375 119.515
501.5 119.386
501.625 119.337
501.75 119.465
501.875 119.697
502 119.959
502.125 120.232
502.25 120.498
502.375 120.754
502.5 121.004
502.625 121.23
502.75 121.395
502.875 121.51
503 121.652
503.125 121.801
503.25 121.924
503.375 122.002
503.5 122.065
503.625 122.106
503.75 122.008
503.875 121.871
504 121.706
504.125 121.484
504.25 121.245
504.375 121.094
504.5 120.993
504.625 120.964
504.75 121.164
504.875 121.527
505 121.937
505.125 122.344
505.25 122.731
505.375 123.133
505.5 123.512
505.625 123.748
505.75 123.793
505.875 123.749
506 123.677
506.125 123.614
506.25 123.551
506.375 123.468
506.5 123.342
506.625 123.169
506.75 123.012
506.875 122.882
507 122.751
507.125 122.586
507.25 122.4
507.375 122.262
507.5 122.105
507.625 122.089
507.75 123.076
507.875 124.268
508 123.195
508.125 122.277
508.25 122.19
508.375 122.222
508.5 122.264
508.625 122.295
508.75 122.347
508.875 122.516
509 123.526
509.125 124.662
509.25 123.489
509.375 122.482
509.5 122.36
509.625 122.388
509.75 122.475
509.875 122.585
510 122.703
510.125 122.845
510.25 123.009
510.375 123.187
510.5 123.365
510.625 123.548
510.75 123.756
510.875 123.979
511 124.198
511.125 124.423
511.25 124.658
511.375 124.888
511.5 125.098
511.625 125.187
511.75 125.02
511.875 124.697
512 124.341
512.125 123.985
512.25 123.626
512.375 123.268
512.5 122.922
512.625 122.66
512.75 122.574
512.875 122.593
513 122.635
513.125 122.679
513.25 122.721
513.375 122.764
513.5 122.809
513.625 122.865
513.75 122.949
513.875 123.05
514 123.153
514.125 123.257
514.25 123.362
514.375 123.468
514.5 123.573
514.625 123.685
514.75 123.815
514.875 123.959
515 124.107
515.125 124.258
515.25 124.414
515.375 124.571
515.5 124.703
515.625 124.658
515.75 124.242
515.875 123.604
516 122.92
516.125 122.232
516.25 121.543
516.375 120.854
516.5 120.188
516.625 119.722
516.75 119.675
516.875 119.875
517 120.126
517.125 120.382
517.25 120.639
517.375 120.894
517.5 121.139
517.625 121.295
517.75 121.263
517.875 121.118
518 120.952
518.125 120.784
518.25 120.615
518.375 120.503
518.5 122.1
518.625 135.113
518.75 153.817
518.875 147.329
519 134.732
519.125 126.566
519.25 123.653
519.375 124.273
519.5 137.785
519.625 231.732
519.75 345.841
519.875 292.413
520 261.906
520.125 204.267
520.25 168.903
520.375 143.814
520.5 128.072
520.625 126.801
520.75 132.449
520.875 139.016
521 133.072
521.125 127.913
521.25 127.475
521.375 127.791
521.5 128.718
521.625 133.406
521.75 138.513
521.875 133.227
522 128.614
522.125 129.946
522.25 145.316
522.375 162.936
522.5 144.915
522.625 129.23
522.75 127.211
522.875 127.445
523 128.641
523.125 135.412
523.25 143.107
523.375 136.017
523.5 129.952
523.625 132.476
523.75 155.279
523.875 181.323
524 155.836
524.125 133.575
524.25 130.737
524.375 130.917
524.5 131.19
524.625 131.436
524.75 132.44
524.875 139.062
525 146.615
525.125 139.23
525.25 134.209
525.375 139.231
525.5 168.242
525.625 201.746
525.75 165.863
525.875 134.892
526 133.818
526.125 137.43
526.25 132.102
526.375 127.343
526.5 126.034
526.625 125.522
526.75 125.615
526.875 126.093
527 126.668
527.125 127.28
527.25 128.713
527.375 136.454
527.5 153.554
527.625 158.795
527.75 142.085
527.875 131.696
528 130.6
528.125 130.853
528.25 131.152
528.375 131.452
528.5 131.749
528.625 132.014
528.75 132.21
528.875 132.364
529 132.519
529.125 133.07
529.25 136.179
529.375 139.714
529.5 136.502
529.625 134.907
529.75 143.861
529.875 157.318
530 151.283
530.125 138.957
530.25 134.648
530.375 134.814
530.5 138.442
530.625 142.564
530.75 138.752
530.875 135.682
531 137.342
531.125 140.984
531.25 148.044
531.375 156.707
531.5 145.98
531.625 136.712
531.75 135.334
531.875 136.426
532 137.749
532.125 135.297
532.25 133.655
532.375 137.133
532.5 141.471
532.625 136.325
532.75 134.415
532.875 150.51
533 171.816
533.125 157.371
533.25 139.105
533.375 134.849
533.5 134.988
533.625 135.411
533.75 135.534
533.875 135.451
534 135.315
534.125 135.18
534.25 135.22
534.375 136.398
534.5 137.781
534.625 136.298
534.75 135.725
534.875 139.312
535 143.599
535.125 140.549
535.25 139.279
535.375 142.169
535.5 142.658
535.625 140.174
535.75 138.652
535.875 138.199
536 137.867
536.125 137.535
536.25 137.203
536.375 136.873
536.5 136.554
536.625 136.319
536.75 136.271
536.875 136.345
537 136.451
537.125 136.562
537.25 136.671
537.375 136.779
537.5 136.888
537.625 137.005
537.75 137.139
537.875 137.281
538 137.423
538.125 137.565
538.25 137.708
538.375 137.854
538.5 137.991
538.625 138.064
538.75 138.002
538.875 137.847
539 137.668
539.125 137.49
539.25 137.312
539.375 137.132
539.5 136.952
539.625 136.774
539.75 136.609
539.875 136.458
540 136.312
540.125 136.159
540.25 136
540.375 135.858
540.5 135.723
540.625 135.689
540.75 135.906
540.875 136.302
541 136.744
541.125 137.206
541.25 137.649
541.375 138.094
541.5 138.55
541.625 138.892
541.75 138.971
541.875 138.875
542 138.743
542.125 138.616
542.25 138.496
542.375 138.392
542.5 138.289
542.625 138.246
542.75 138.358
542.875 138.575
543 138.84
543.125 139.144
543.25 139.46
543.375 139.751
543.5 140.035
543.625 140.318
543.75 140.533
543.875 140.698
544 140.834
544.125 140.933
544.25 141.018
544.375 141.119
544.5 141.228
544.625 141.331
544.75 141.455
544.875 141.62
545 141.805
545.125 141.99
545.25 142.169
545.375 142.339
545.5 142.484
545.625 142.599
545.75 142.683
545.875 142.721
546 142.744
546.125 142.762
546.25 142.765
546.375 142.8
546.5 142.837
546.625 142.848
546.75 142.822
546.875 142.77
547 142.705
547.125 142.66
547.25 142.607
547.375 142.545
547.5 142.492
547.625 142.482
547.75 142.584
547.875 142.77
548 142.979
548.125 143.184
548.25 143.386
548.375 143.588
548.5 143.792
548.625 143.993
548.75 144.196
548.875 144.408
549 144.618
549.125 144.838
549.25 145.078
549.375 145.32
549.5 145.554
549.625 145.755
549.75 145.866
549.875 145.912
550 146.076
550.125 147.092
550.25 148.253
550.375 147.154
550.5 146.2
550.625 146.121
550.75 146.233
550.875 146.39
551 146.56
551.125 146.734
551.25 146.908
551.375 147.08
551.5 147.248
551.625 147.393
551.75 147.491
551.875 147.557
552 147.613
552.125 147.666
552.25 147.72
552.375 147.775
552.5 147.834
552.625 147.935
552.75 148.122
552.875 148.366
553 148.625
553.125 148.888
553.25 149.151
553.375 149.414
553.5 149.676
553.625 149.924
553.75 150.142
553.875 150.404
554 152.688
554.125 168.285
554.25 190.286
554.375 194.654
554.5 199.436
554.625 174.304
554.75 159.395
554.875 161.919
555 156.917
555.125 152.625
555.25 152.136
555.375 152.237
555.5 152.352
555.625 152.418
555.75 152.376
555.875 152.267
556 152.557
556.125 158.815
556.25 191.988
556.375 224.716
556.5 187.171
556.625 155.976
556.75 153.108
556.875 162.786
557 174.002
557.125 163.198
557.25 153.976
557.375 178.797
557.5 989.592
557.625 6847.23
557.75 13541.6
557.875 6848.41
558 999.316
558.125 198.293
558.25 162.563
558.375 153.789
558.5 152.662
558.625 156.503
558.75 184.806
558.875 217.22
559 185.169
559.125 157.148
559.25 153.436
559.375 153.554
559.5 155.393
559.625 167.493
559.75 181.31
559.875 167.949
560 156.293
560.125 155.059
560.25 160.568
560.375 199.247
560.5 243.413
560.625 199.695
560.75 161.39
560.875 156.143
561 156.029
561.125 156.085
561.25 156.145
561.375 156.244
561.5 157.631
561.625 167.313
561.75 178.43
561.875 167.662
562 158.44
562.125 162.365
562.25 198.954
562.375 240.787
562.5 199.378
562.625 163.162
562.75 158.304
562.875 158.308
563 158.467
563.125 158.628
563.25 158.791
563.375 158.954
563.5 159.148
563.625 160.352
563.75 168.104
563.875 176.927
564 168.305
564.125 160.851
564.25 162.318
564.375 179.908
564.5 200.033
564.625 180.069
564.75 162.536
564.875 160.052
565 159.902
565.125 159.827
565.25 159.751
565.375 159.674
565.5 159.604
565.625 159.588
565.75 159.697
565.875 159.899
566 160.162
566.125 161.555
566.25 170.207
566.375 180.064
566.5 170.666
566.625 162.533
566.75 162.778
566.875 170.516
567 179.095
567.125 170.921
567.25 163.883
567.375 163.179
567.5 163.457
567.625 163.687
567.75 163.733
567.875 163.62
568 163.438
568.125 163.255
568.25 163.08
568.375 162.892
568.5 162.759
568.625 162.689
568.75 162.75
568.875 162.986
569 163.252
569.125 163.586
569.25 163.891
569.375 164.929
569.5 170.266
569.625 176.153
569.75 170.365
569.875 165.127
570 164.284
570.125 164.102
570.25 163.944
570.375 163.769
570.5 163.596
570.625 163.499
570.75 163.599
570.875 163.866
571 164.157
571.125 164.438
571.25 164.747
571.375 165.056
571.5 165.382
571.625 165.683
571.75 165.97
571.875 166.293
572 166.627
572.125 167.028
572.25 167.409
572.375 167.796
572.5 168.179
572.625 168.467
572.75 168.641
572.875 168.701
573 168.752
573.125 168.875
573.25 168.967
573.375 169.031
573.5 169.096
573.625 169.135
573.75 169.168
573.875 169.304
574 169.451
574.125 169.534
574.25 169.589
574.375 169.673
574.5 169.73
574.625 169.798
574.75 169.895
574.875 169.95
575 169.92
575.125 169.805
575.25 169.649
575.375 169.513
575.5 169.415
575.625 169.343
575.75 169.322
575.875 169.355
576 169.423
576.125 169.489
576.25 169.553
576.375 169.614
576.5 169.697
576.625 169.762
576.75 169.808
576.875 169.859
577 169.904
577.125 169.939
577.25 169.986
577.375 170.067
577.5 170.13
577.625 170.123
577.75 170.008
577.875 169.8
578 169.556
578.125 169.31
578.25 169.066
578.375 168.839
578.5 168.619
578.625 168.465
578.75 168.484
578.875 168.637
579 168.833
579.125 169.034
579.25 169.234
579.375 169.436
579.5 169.643
579.625 169.825
579.75 169.954
579.875 170.049
580 170.137
580.125 170.224
580.25 170.307
580.375 170.381
580.5 170.456
580.625 170.541
580.75 170.64
580.875 170.741
581 170.839
581.125 170.933
581.25 171.024
581.375 171.112
581.5 171.204
581.625 171.302
581.75 171.407
581.875 171.517
582 171.627
582.125 171.731
582.25 171.832
582.375 171.939
582.5 172.045
582.625 172.12
582.75 172.138
582.875 172.121
583 172.094
583.125 172.064
583.25 172.031
583.375 171.996
583.5 171.972
583.625 171.958
583.75 171.962
583.875 171.984
584 172.02
584.125 172.054
584.25 172.086
584.375 172.118
584.5 172.141
584.625 172.122
584.75 171.981
584.875 171.744
585 171.469
585.125 171.186
585.25 170.936
585.375 170.671
585.5 170.398
585.625 170.224
585.75 170.227
585.875 170.339
586 170.475
586.125 170.824
586.25 176.202
586.375 216.373
586.5 288.865
586.625 331.868
586.75 360.6
586.875 308.843
587 228.783
587.125 201.443
587.25 209.523
587.375 196.058
587.5 186.562
587.625 178.031
587.75 172.36
587.875 171.258
588 170.666
588.125 170.124
588.25 169.686
588.375 169.461
588.5 171.548
588.625 203.071
588.75 437.133
588.875 1362.76
589 2168.69
589.125 1121.6
589.25 291.823
589.375 284.803
589.5 811.828
589.625 1319.36
589.75 724.815
589.875 234.677
590 168
590.125 168.282
590.25 180.553
590.375 197.86
590.5 213.365
590.625 234.101
590.75 201.49
590.875 174.058
591 170.28
591.125 170.519
591.25 183.309
591.375 276.285
591.5 382.468
591.625 276.189
591.75 182.95
591.875 169.532
592 169.302
592.125 170.082
592.25 175.912
592.375 218.436
592.5 267.823
592.625 219.537
592.75 176.842
592.875 171.277
593 187.783
593.125 307.895
593.25 445.05
593.375 307.781
593.5 187.676
593.625 170.955
593.75 170.328
593.875 170.189
594 169.621
594.125 168.872
594.25 169.058
594.375 174.689
594.5 212.104
594.625 254.687
594.75 211.854
594.875 174.466
595 170.078
595.125 188.986
595.25 324.778
595.375 479.682
595.5 324.679
595.625 189.045
595.75 170.161
595.875 169.638
596 170.032
596.125 170.291
596.25 170.397
596.375 170.522
596.5 170.482
596.625 170.35
596.75 173.979
596.875 201.819
597 233.808
597.125 202.005
597.25 174.18
597.375 170.46
597.5 178.103
597.625 235.83
597.75 301.877
597.875 235.804
598 177.914
598.125 169.818
598.25 169.503
598.375 169.386
598.5 169.265
598.625 169.242
598.75 169.181
598.875 169.162
599 169.26
599.125 169.309
599.25 169.392
599.375 169.603
599.5 172.011
599.625 188.826
599.75 207.937
599.875 188.683
600 171.933
600.125 173.888
600.25 205.149
600.375 240.97
600.5 204.978
600.625 173.501
600.75 169.123
600.875 168.989
601 169.025
601.125 169.055
601.25 169.084
601.375 169.109
601.5 169.097
601.625 169.079
601.75 169.067
601.875 168.994
602 168.902
602.125 168.799
602.25 168.686
602.375 168.571
602.5 168.53
602.625 170.159
602.75 182.334
602.875 196.368
603 182.91
603.125 173.142
603.25 186.41
603.375 203.392
603.5 186.911
603.625 172.474
603.75 170.553
603.875 170.499
604 170.476
604.125 170.453
604.25 170.429
604.375 170.404
604.5 170.379
604.625 170.353
604.75 170.322
604.875 170.289
605 170.258
605.125 170.226
605.25 170.194
605.375 170.16
605.5 170.124
605.625 170.092
605.75 170.074
605.875 170.071
606 170.072
606.125 170.074
606.25 170.075
606.375 170.113
606.5 171.294
606.625 179.838
606.75 189.608
606.875 179.853
607 171.32
607.125 170.148
607.25 170.12
607.375 170.129
607.5 170.137
607.625 170.137
607.75 170.118
607.875 170.08
608 170.021
608.125 169.934
608.25 169.838
608.375 169.741
608.5 169.642
608.625 169.551
608.75 169.483
608.875 169.436
609 169.398
609.125 169.36
609.25 169.321
609.375 169.281
609.5 169.238
609.625 169.197
609.75 169.937
609.875 176.052
610 183.064
610.125 176.06
610.25 172.709
610.375 177.678
610.5 177.634
610.625 171.416
610.75 168.107
610.875 167.774
611 167.875
611.125 167.993
611.25 168.111
611.375 168.229
611.5 168.34
611.625 168.399
611.75 168.333
611.875 168.164
612 167.961
612.125 167.754
612.25 167.546
612.375 167.339
612.5 167.132
612.625 166.937
612.75 166.769
612.875 166.625
613 166.487
613.125 166.35
613.25 166.254
613.375 167.438
613.5 176.877
613.625 188.6
613.75 186.39
613.875 203.465
614 217.949
614.125 190.408
614.25 179.441
614.375 207.255
614.5 226.645
614.625 193.76
614.75 169.632
614.875 167.574
615 176.322
615.125 186.442
615.25 176.248
615.375 168.071
615.5 172.373
615.625 179.426
615.75 179.007
615.875 180.138
616 171.819
616.125 165.128
616.25 163.813
616.375 163.329
616.5 162.888
616.625 162.611
616.75 163.918
616.875 179.99
617 248.422
617.125 307.961
617.25 232.886
617.375 175.848
617.5 190.265
617.625 215.813
617.75 190.431
617.875 168.143
618 165.122
618.125 166.651
618.25 178.322
618.375 191.661
618.5 178.353
618.625 166.687
618.75 165.013
618.875 164.935
619 167.26
619.125 184.794
619.25 204.846
619.375 184.554
619.5 166.787
619.625 164.254
619.75 164.154
619.875 164.441
620 172.425
620.125 229.8
620.25 295.363
620.375 229.9
620.5 172.621
620.625 164.688
620.75 164.327
620.875 164.22
621 166.907
621.125 187.726
621.25 211.553
621.375 187.266
621.5 165.991
621.625 162.897
621.75 163.014
621.875 172.155
622 238.236
622.125 313.757
622.25 238.3
622.375 172.28
622.5 163.167
622.625 162.858
622.75 162.729
622.875 162.514
623 162.595
623.125 172.459
623.25 245.898
623.375 350.534
623.5 427.539
623.625 583.057
623.75 463.244
623.875 284.806
624 276.945
624.125 274.869
624.25 272.374
624.375 311.355
624.5 236.212
624.625 189.682
624.75 201.023
624.875 180.25
625 162.298
625.125 159.688
625.25 159.471
625.375 160.321
625.5 191.47
625.625 418.304
625.75 684.141
625.875 436.452
626 214.687
626.125 199.472
626.25 207.435
626.375 262.091
626.5 339.024
626.625 251.913
626.75 194.475
626.875 206.663
627 183.372
627.125 163.25
627.25 160.393
627.375 160.358
627.5 164.025
627.625 192.818
627.75 225.285
627.875 189.274
628 159.643
628.125 156.706
628.25 157.116
628.375 158.927
628.5 183.892
628.625 358.329
628.75 561.233
628.875 371.929
629 198.922
629.125 164.737
629.25 157.653
629.375 158.786
629.5 176.29
629.625 277.246
629.75 943.446
629.875 5119.36
630 9940.61
630.125 5078.7
630.25 788.786
630.375 180.042
630.5 193.201
630.625 444.427
630.75 736.963
630.875 454.472
631 197.226
631.125 158.227
631.25 156.759
631.375 156.51
631.5 156.457
631.625 156.709
631.75 157.076
631.875 166.585
632 236.5
632.125 316.672
632.25 236.774
632.375 166.68
632.5 157.048
632.625 158.073
632.75 195.287
632.875 463.901
633 770.958
633.125 463.927
633.25 195.218
633.375 158.002
633.5 156.8
633.625 156.802
633.75 156.81
633.875 156.802
634 157.035
634.125 159.208
634.25 163.509
634.375 163.724
634.5 159.58
634.625 163.795
634.75 211.505
634.875 266.449
635 211.502
635.125 163.384
635.25 157.284
635.375 174.221
635.5 298.156
635.625 439.811
635.75 298.083
635.875 174.548
636 166.906
636.125 367.159
636.25 1787.91
636.375 3412.62
636.5 1784.17
636.625 359.637
636.75 162.446
636.875 156.073
637 155.973
637.125 155.917
637.25 155.901
637.375 155.885
637.5 155.998
637.625 160.448
637.75 192.785
637.875 229.742
638 192.696
638.125 160.268
638.25 156.007
638.375 164.435
638.5 226.618
638.625 297.688
638.75 226.538
638.875 164.268
639 155.606
639.125 155.281
639.25 155.204
639.375 155.103
639.5 154.991
639.625 154.875
639.75 154.754
639.875 154.642
640 154.529
640.125 154.416
640.25 154.301
640.375 154.183
640.5 154.069
640.625 153.952
640.75 153.817
640.875 153.684
641 153.7
641.125 157.294
641.25 183.827
641.375 214.184
641.5 183.75
641.625 157.255
641.75 157.86
641.875 188.899
642 224.517
642.125 188.903
642.25 157.756
642.375 153.72
642.5 155.544
642.625 157.817
642.75 155.62
642.875 153.683
643 153.422
643.125 153.424
643.25 153.425
643.375 153.461
643.5 153.492
643.625 153.533
643.75 153.56
643.875 153.558
644 153.559
644.125 153.587
644.25 153.604
644.375 153.6
644.5 153.62
644.625 153.64
644.75 153.648
644.875 153.73
645 154.977
645.125 163.804
645.25 173.855
645.375 163.919
645.5 157.596
645.625 166.378
645.75 180.898
645.875 180.357
646 163.84
646.125 163.291
646.25 225.315
646.375 316.113
646.5 347.609
646.625 389.916
646.75 280.343
646.875 223.872
647 340.239
647.125 417.537
647.25 271.449
647.375 166.761
647.5 157.092
647.625 191.086
647.75 230.821
647.875 191.372
648 156.659
648.125 152.033
648.25 151.683
648.375 151.138
648.5 151.266
648.625 151.443
648.75 151.468
648.875 151.472
649 151.298
649.125 151.057
649.25 152.585
649.375 156.996
649.5 164.295
649.625 228.656
649.75 529.914
649.875 807.353
650 483.82
650.125 214.015
650.25 193.329
650.375 273.047
650.5 370.415
650.625 260.887
650.75 166.197
650.875 153.115
651 153.016
651.125 156.491
651.25 181.048
651.375 209.047
651.5 180.179
651.625 155.075
651.75 152.159
651.875 152.797
652 161.181
652.125 220.785
652.25 288.615
652.375 220.497
652.5 161.276
652.625 153.205
652.75 152.959
652.875 153.94
653 185.111
653.125 410.669
653.25 668.342
653.375 410.259
653.5 184.539
653.625 153.251
653.75 152.613
653.875 155.844
654 163.179
654.125 176.117
654.25 254.168
654.375 348.388
654.5 256.031
654.625 177.131
654.75 157.973
654.875 151.328
655 152.004
655.125 188.63
655.25 442.507
655.375 728.459
655.5 439.257
655.625 187.915
655.75 153.409
655.875 153.546
656 158.399
656.125 210.28
656.25 271.478
656.375 209.116
656.5 155.165
656.625 157.221
656.75 226.667
656.875 306.301
657 225.998
657.125 155.704
657.25 145.928
657.375 146.882
657.5 179.267
657.625 411.971
657.75 678.411
657.875 418.171
658 191.721
658.125 155.947
658.25 160.819
658.375 176.451
658.5 171.822
658.625 156.799
658.75 150.83
658.875 150.544
659 150.918
659.125 151.232
659.25 151.593
659.375 157.656
659.5 201.033
659.625 250.594
659.75 201.139
659.875 157.853
660 152.381
660.125 166.098
660.25 266.078
660.375 380.375
660.5 266.214
660.625 166.341
660.75 152.577
660.875 152.183
661 152.212
661.125 152.227
661.25 152.223
661.375 152.229
661.5 152.214
661.625 152.189
661.75 152.361
661.875 153.806
662 155.461
662.125 153.733
662.25 152.224
662.375 152.1
662.5 155.329
662.625 178.926
662.75 205.911
662.875 178.864
663 155.303
663.125 155.21
663.25 180.426
663.375 226.676
663.5 224.444
663.625 178.503
663.75 154.876
663.875 151.946
664 151.864
664.125 151.861
664.25 151.856
664.375 151.883
664.5 151.916
664.625 151.934
664.75 151.954
664.875 152.348
665 155.162
665.125 158.361
665.25 155.145
665.375 152.311
665.5 151.876
665.625 151.815
665.75 151.853
665.875 154.552
666 174.409
666.125 197.233
666.25 174.606
666.375 154.581
666.5 154.069
666.625 171.502
666.75 191.553
666.875 171.404
667 153.764
667.125 151.286
667.25 151.201
667.375 151.222
667.5 151.248
667.625 151.275
667.75 151.304
667.875 151.334
668 151.362
668.125 151.389
668.25 151.411
668.375 151.435
668.5 151.468
668.625 151.498
668.75 151.525
668.875 151.553
669 151.58
669.125 151.593
669.25 151.571
669.375 151.52
669.5 151.495
669.625 152.583
669.75 161.111
669.875 173.093
670 166.686
670.125 156.284
670.25 159.489
670.375 170.965
670.5 168.936
670.625 158.027
670.75 153.579
670.875 153.13
671 154.047
671.125 153.341
671.25 153.357
671.375 156.486
671.5 157.731
671.625 155.402
671.75 154.209
671.875 154.492
672 156.018
672.125 159.808
672.25 158.856
672.375 156.522
672.5 153.012
672.625 151.175
672.75 151.967
672.875 154.416
673 155.194
673.125 152.664
673.25 151.051
673.375 150.825
673.5 150.797
673.625 150.823
673.75 152.336
673.875 163.581
674 178.079
674.125 169.791
674.25 163.926
674.375 167.519
674.5 164.909
674.625 157.83
674.75 155.657
674.875 152.834
675 150.834
675.125 150.582
675.25 150.614
675.375 150.662
675.5 150.713
675.625 150.766
675.75 150.818
675.875 150.869
676 150.922
676.125 150.975
676.25 151.026
676.375 151.078
676.5 151.135
676.625 151.302
676.75 152.184
676.875 153.187
677 152.29
677.125 151.507
677.25 151.433
677.375 151.468
677.5 151.502
677.625 151.536
677.75 151.569
677.875 151.604
678 151.666
678.125 152.565
678.25 158.859
678.375 166.069
678.5 159.65
678.625 158.934
678.75 167.867
678.875 166.931
679 157.316
679.125 152.547
679.25 151.992
679.375 152.014
679.5 152.055
679.625 152.095
679.75 152.137
679.875 152.178
680 152.232
680.125 152.61
680.25 154.961
680.375 157.599
680.5 155.006
680.625 152.755
680.75 152.482
680.875 152.517
681 152.559
681.125 152.597
681.25 152.627
681.375 152.652
681.5 152.697
681.625 153.201
681.75 156.686
681.875 160.671
682 156.741
682.125 153.303
682.25 152.852
682.375 153.371
682.5 169.705
682.625 294.157
682.75 516.212
682.875 721.935
683 876.733
683.125 538.739
683.25 403.345
683.375 658.982
683.5 796.066
683.625 445.063
683.75 196.888
683.875 182.046
684 218.327
684.125 273.953
684.25 344.736
684.375 247.315
684.5 164.797
684.625 153.417
684.75 153.922
684.875 161.254
685 178.1
685.125 182.822
685.25 165.419
685.375 154.596
685.5 153.274
685.625 153.322
685.75 153.405
685.875 153.832
686 166.9
686.125 326.346
686.25 1027.81
686.375 1656.36
686.5 889.587
686.625 243.529
686.75 134.373
686.875 138.543
687 208.393
687.125 287.47
687.25 202.552
687.375 133.28
687.5 124.432
687.625 130.771
687.75 142.276
687.875 159.373
688 236.155
688.125 328.507
688.25 262.904
688.375 177.626
688.5 154.182
688.625 172.299
688.75 312.133
688.875 459.335
689 296.524
689.125 162.884
689.25 150.674
689.375 170.727
689.5 173.241
689.625 148.907
689.75 141.131
689.875 166.266
690 317.869
690.125 500.83
690.25 340.972
690.375 186.387
690.5 152.159
690.625 150.456
690.75 149.882
690.875 147.445
691 179.397
691.125 369.723
691.25 575.753
691.375 357.001
691.5 176.31
691.625 154.029
691.75 150.145
691.875 148.642
692 159.195
692.125 217.572
692.25 574.58
692.375 991.251
692.5 588.85
692.625 222.803
692.75 173.234
692.875 169.988
693 160.905
693.125 156.019
693.25 154.957
693.375 153.714
693.5 153.893
693.625 160.313
693.75 190.691
693.875 352.836
694 538.367
694.125 359.886
694.25 194.189
694.375 161.022
694.5 158.13
694.625 219.995
694.75 674.107
694.875 1197.12
695 691.761
695.125 254.971
695.25 180.617
695.375 167.625
695.5 173.778
695.625 178.241
695.75 180.999
695.875 175.157
696 168.921
696.125 170.497
696.25 168.616
696.375 167.934
696.5 178.436
696.625 187.015
696.75 187.195
696.875 294.915
697 430.408
697.125 296.849
697.25 181.686
697.375 164.242
697.5 167.207
697.625 201.542
697.75 444.058
697.875 727.317
698 446.769
698.125 198.824
698.25 169.42
698.375 170.397
698.5 168.971
698.625 175.225
698.75 174.503
698.875 166.378
699 163.149
699.125 165.21
699.25 160.88
699.375 160.172
699.5 170.347
699.625 182.978
699.75 183.526
699.875 172.118
700 172.754
700.125 183.657
700.25 248.431
700.375 319.35
700.5 239.211
700.625 168.316
700.75 157.476
700.875 173.248
701 291.718
701.125 427.34
701.25 291.959
701.375 173.229
701.5 156.013
701.625 154.779
701.75 155.639
701.875 156.326
702 156.411
702.125 156.42
702.25 156.143
702.375 155.816
702.5 156.112
702.625 155.714
702.75 155.892
702.875 162.719
703 170.225
703.125 163.85
703.25 158.201
703.375 157.527
703.5 157.547
703.625 157.248
703.75 156.969
703.875 163.003
704 206.806
704.125 257.535
704.25 208.917
704.375 172.394
704.5 188.639
704.625 246.485
704.75 326.005
704.875 318.922
705 253.937
705.125 210.555
705.25 195.893
705.375 192.142
705.5 188
705.625 180.974
705.75 167.499
705.875 164.822
706 175.757
706.125 189.956
706.25 200.018
706.375 192.655
706.5 182.412
706.625 198.522
706.75 208.795
706.875 203.458
707 211.051
707.125 185.276
707.25 173.977
707.375 191.978
707.5 194.74
707.625 182.109
707.75 187.545
707.875 188.169
708 175.905
708.125 204.786
708.25 248.01
708.375 204.546
708.5 172.519
708.625 184.123
708.75 223.5
708.875 268.134
709 235.143
709.125 195.31
709.25 177.946
709.375 165.204
709.5 160.464
709.625 163.217
709.75 167.303
709.875 165.809
710 166.976
710.125 167.105
710.25 165.331
710.375 167.817
710.5 167.738
710.625 166.161
710.75 170.198
710.875 170.382
711 164.625
711.125 165.605
711.25 170.342
711.375 165.591
711.5 163.707
711.625 167.46
711.75 166.633
711.875 162.301
712 160.808
712.125 163.496
712.25 166.733
712.375 164.125
712.5 167.931
712.625 195.517
712.75 224.352
712.875 201.565
713 175.939
713.125 188.265
713.25 216.512
713.375 209.744
713.5 177.866
713.625 162.431
713.75 160.434
713.875 161.359
714 169.409
714.125 194.486
714.25 224.308
714.375 234.05
714.5 231.534
714.625 222.151
714.75 203.728
714.875 194.223
715 189.026
715.125 180.538
715.25 171.797
715.375 164.924
715.5 166.516
715.625 173.072
715.75 180.275
715.875 192.794
716 190.037
716.125 194.386
716.25 194.185
716.375 185.756
716.5 196.991
716.625 196.632
716.75 182.425
716.875 191.537
717 191.971
717.125 171.424
717.25 165.727
717.375 182.83
717.5 206.519
717.625 212.141
717.75 190.476
717.875 190.807
718 199.525
718.125 217.314
718.25 199.192
718.375 172.769
718.5 153.459
718.625 147.117
718.75 155.637
718.875 169.376
719 162.9
719.125 152.33
719.25 153.158
719.375 157.079
719.5 161.613
719.625 160.452
719.75 160.655
719.875 166.896
720 172.544
720.125 177.98
720.25 171.814
720.375 159.187
720.5 155.303
720.625 160.641
720.75 171.867
720.875 167.123
721 160.282
721.125 160.378
721.25 161.717
721.375 162.153
721.5 161.42
721.625 160.43
721.75 161.211
721.875 163.231
722 171.284
722.125 184.833
722.25 186.765
722.375 183.415
722.5 181.531
722.625 171.701
722.75 176.892
722.875 200.939
723 200.451
723.125 180.49
723.25 197.423
723.375 227.967
723.5 192.344
723.625 217.82
723.75 626.277
723.875 1547.39
724 2014.38
724.125 1495.96
724.25 859.499
724.375 1226.71
724.5 2124.61
724.625 1390.11
724.75 471.958
724.875 225.115
725 200.593
725.125 220.424
725.25 405.125
725.375 656.598
725.5 515.483
725.625 342.822
725.75 236.202
725.875 192.439
726 189.581
726.125 184.749
726.25 190.888
726.375 191.262
726.5 183.858
726.625 216.214
726.75 271.005
726.875 272.596
727 227.828
727.125 195.632
727.25 204.588
727.375 568.539
727.5 2116.42
727.625 3436.65
727.75 1732.4
727.875 383.468
728 256.816
728.125 314.642
728.25 314.748
728.375 804.291
728.5 1460.3
728.625 881.201
728.75 288.837
728.875 192.123
729 224.508
729.125 248.427
729.25 235.889
729.375 214.704
729.5 360.364
729.625 551.982
729.75 359.894
729.875 190.319
730 167.235
730.125 212.72
730.25 545.102
730.375 927.318
730.5 561.099
730.625 259.589
730.75 223.518
730.875 195.91
731 228.723
731.125 289.517
731.25 233.478
731.375 341.428
731.5 1501.92
731.625 2836.19
731.75 1499.73
731.875 331.488
732 172.325
732.125 168.479
732.25 168.645
732.375 168.485
732.5 170.796
732.625 234.439
732.75 696.444
732.875 1240.11
733 746.666
733.125 297.098
733.25 217.071
733.375 184.292
733.5 170.135
733.625 169.502
733.75 176.251
733.875 371.365
734 1780.47
734.125 3391.04
734.25 1783.29
734.375 394.547
734.5 226.408
734.625 217.68
734.75 220.727
734.875 198.015
735 202.697
735.125 243.692
735.25 247.514
735.375 215.118
735.5 205.52
735.625 277.261
735.75 696.686
735.875 1182.8
736 699.019
736.125 259.033
736.25 195.979
736.375 208.174
736.5 223.03
736.625 300.418
736.75 958.291
736.875 2234.64
737 2257.33
737.125 968.963
737.25 300.161
737.375 248.788
737.5 218.491
737.625 189.272
737.75 187.712
737.875 191.279
738 185.59
738.125 182.628
738.25 194.661
738.375 200.219
738.5 184.703
738.625 178.83
738.75 188.673
738.875 206.521
739 259.848
739.125 557.767
739.25 913.611
739.375 554.669
739.5 232.498
739.625 178.586
739.75 176.961
739.875 231.079
740 622.68
740.125 1332.15
740.25 1292.56
740.375 582.97
740.5 219.023
740.625 173.765
740.75 172.388
740.875 172.999
741 180.059
741.125 211.377
741.25 245.439
741.375 222.431
741.5 200.022
741.625 211.804
741.75 208.242
741.875 185.96
742 177.942
742.125 197.973
742.25 222.481
742.375 198.246
742.5 176.993
742.625 176.173
742.75 236.686
742.875 673.04
743 1171.66
743.125 673.324
743.25 237.279
743.375 177.007
743.5 176.736
743.625 227.034
743.75 590.704
743.875 1010.37
744 601.394
744.125 235.777
744.25 187.93
744.375 188.607
744.5 181.57
744.625 179.35
744.75 181.807
744.875 179.478
745 181.676
745.125 186.846
745.25 181.434
745.375 176.726
745.5 176.214
745.625 178.154
745.75 191.692
745.875 209.01
746 212.631
746.125 260.055
746.25 309.71
746.375 296.039
746.5 373.812
746.625 461.33
746.75 319.055
746.875 242.41
747 410.186
747.125 643.392
747.25 641.7
747.375 696.782
747.5 432.232
747.625 239.894
747.75 320.009
747.875 593.15
748 684.642
748.125 432.388
748.25 524.283
748.375 814.354
748.5 506.04
748.625 239.984
748.75 202.895
748.875 206.735
749 192.446
749.125 194.548
749.25 294.049
749.375 409.591
749.5 294.134
749.625 193.17
749.75 180.787
749.875 191.513
750 204.775
750.125 195.982
750.25 189.316
750.375 183.505
750.5 179.722
750.625 179.269
750.75 179.326
750.875 179.397
751 179.47
751.125 179.546
751.25 179.626
751.375 180.048
751.5 190.824
751.625 268.191
751.75 356.891
751.875 271.243
752 212.517
752.125 400.944
752.25 1313.77
752.375 2186.31
752.5 1241.51
752.625 371.128
752.75 227.287
752.875 266.263
753 575.593
753.125 940.605
753.25 559.817
753.375 229.144
753.5 189.617
753.625 203.47
753.75 217.682
753.875 269.122
754 337.784
754.125 263.265
754.25 193.964
754.375 183.402
754.5 190.326
754.625 200.053
754.75 193.616
754.875 187.262
755 189.013
755.125 196.789
755.25 213.446
755.375 212.494
755.5 219.145
755.625 393.228
755.75 607.339
755.875 411.213
756 234.546
756.125 206.345
756.25 197.216
756.375 195.883
756.5 196.528
756.625 244.934
756.75 308.041
756.875 329.186
757 870.012
757.125 1547.37
757.25 913.732
757.375 401.375
757.5 313.177
757.625 229.746
757.75 188.915
757.875 183.923
758 183.832
758.125 183.903
758.25 184.934
758.375 215.254
758.5 433.951
758.625 683.866
758.75 433.986
758.875 215.298
759 184.873
759.125 182.24
759.25 169.893
759.375 138.146
759.5 105.773
759.625 126.474
759.75 385.193
759.875 673.157
760 366.22
760.125 106.073
760.25 65.1606
760.375 63.7444
760.5 75.9417
760.625 77.9424
760.75 81.0999
760.875 97.6292
761 117.698
761.125 131.496
761.25 123.029
761.375 134.843
761.5 164.393
761.625 344.915
761.75 569.472
761.875 382.943
762 204.318
762.125 201.922
762.25 246.891
762.375 189.461
762.5 159.42
762.625 209.41
762.75 464.348
762.875 757.002
763 465.042
763.125 181.921
763.25 144.53
763.375 152.149
763.5 116.003
763.625 115.22
763.75 169.707
763.875 177.052
764 141.214
764.125 163.646
764.25 180.4
764.375 153.186
764.5 141.241
764.625 167.296
764.75 172.012
764.875 144.647
765 145.955
765.125 192.724
765.25 299.819
765.375 388.987
765.5 263.564
765.625 188.597
765.75 185.49
765.875 165.276
766 179.049
766.125 413.711
766.25 677.341
766.375 423.152
766.5 189.267
766.625 159.739
766.75 175.361
766.875 179.956
767 170.967
767.125 177.687
767.25 203.693
767.375 198.491
767.5 183.665
767.625 173.583
767.75 173.593
767.875 185.454
768 212.59
768.125 253.496
768.25 271.881
768.375 279.941
768.5 292.995
768.625 329.192
768.75 308.721
768.875 251.472
769 245.627
769.125 334.212
769.25 427.864
769.375 323.969
769.5 237.661
769.625 236.798
769.75 294.238
769.875 427.325
770 471.109
770.125 326.288
770.25 233.078
770.375 213.816
770.5 199.761
770.625 193.21
770.75 192.588
770.875 198.566
771 376.645
771.125 1648.67
771.25 3142.43
771.375 1995.4
771.5 1420.84
771.625 2509.66
771.75 3400.38
771.875 1678.68
772 403.839
772.125 257.164
772.25 427.737
772.375 691.988
772.5 784.596
772.625 918.21
772.75 558.389
772.875 274.423
773 235.456
773.125 228.048
773.25 277.238
773.375 369.853
773.5 415.77
773.625 387.645
773.75 292.864
773.875 269.983
774 277.051
774.125 259.445
774.25 232.582
774.375 243.494
774.5 273.876
774.625 258.004
774.75 258.199
774.875 732.072
775 2865.83
775.125 4775.3
775.25 2467.29
775.375 535.173
775.5 325.227
775.625 442.85
775.75 498.882
775.875 1226.77
776 2159.3
776.125 1187.44
776.25 336.67
776.375 214.936
776.5 212.241
776.625 214.894
776.75 251.506
776.875 289.806
777 250.891
777.125 297.166
777.25 655.611
777.375 988.054
777.5 608.87
777.625 270.615
777.75 283.681
777.875 787.111
778 1363.25
778.125 807.985
778.25 316.391
778.375 273.777
778.5 306.741
778.625 295.19
778.75 264.505
778.875 260.781
779 340.617
779.125 650.61
779.25 2197.39
779.375 3988.2
779.5 2111.17
779.625 469.992
779.75 242.059
779.875 239.129
780 233.058
780.125 219.799
780.25 229.287
780.375 244.813
780.5 235.476
780.625 329.154
780.75 990.91
780.875 1731.74
781 992.783
781.125 353.499
781.25 269.806
781.375 280.192
781.5 310.102
781.625 305.517
781.75 296.502
781.875 610.567
782 2669.06
782.125 5015.65
782.25 2627.47
782.375 547.298
782.5 260.762
782.625 245.774
782.75 266.564
782.875 311.857
783 275.393
783.125 229.232
783.25 244.935
783.375 281.862
783.5 253.529
783.625 220.234
783.75 223.006
783.875 321.315
784 927.836
784.125 1608.74
784.25 907.215
784.375 301.643
784.5 223.747
784.625 229.236
784.75 307.158
784.875 569.429
785 758.843
785.125 867.528
785.25 2855.74
785.375 5083.12
785.5 2638.85
785.625 723.155
785.75 659.563
785.875 585.575
786 1085.68
786.125 1840.54
786.25 1024.63
786.375 316.429
786.5 260.931
786.625 566.77
786.75 923.981
786.875 686.553
787 1211.29
787.125 2123
787.25 1179.89
787.375 358.769
787.5 233.131
787.625 285.944
787.75 773.213
787.875 1379.19
788 1182.43
788.125 1118.29
788.25 662.233
788.375 318.79
788.5 321.621
788.625 344.802
788.75 382.048
788.875 825.337
789 1344.24
789.125 829.033
789.25 388.999
789.375 342.118
789.5 311.844
789.625 275.264
789.75 297.629
789.875 300.596
790 253.663
790.125 250.703
790.25 287.286
790.375 278.34
790.5 257.634
790.625 264.851
790.75 276.131
790.875 269.916
791 342.921
791.125 944.546
791.25 3637.2
791.375 6119.4
791.5 3102.26
791.625 611.97
791.75 339.229
791.875 597.423
792 1608.26
792.125 2723.71
792.25 1476
792.375 435.595
792.5 289.365
792.625 251.762
792.75 275.237
792.875 425.072
793 1076.42
793.125 1898.9
793.25 1281.29
793.375 525.308
793.5 305.023
793.625 251.911
793.75 253.953
793.875 267.665
794 265.711
794.125 277.913
794.25 307.243
794.375 338.538
794.5 375.192
794.625 430.67
794.75 938.77
794.875 1570.83
795 898.858
795.125 336.189
795.25 283.088
795.375 252.942
795.5 228.937
795.625 225.752
795.75 225.357
795.875 224.751
796 225.995
796.125 244.668
796.25 541.295
796.375 2545.96
796.5 4830.27
796.625 2639.46
796.75 830.542
796.875 546.455
797 356.701
797.125 264.9
797.25 260.703
797.375 265.416
797.5 291.649
797.625 542.669
797.75 933.78
797.875 1324.13
798 1852.05
798.125 1023.24
798.25 328.667
798.375 233.266
798.5 239.738
798.625 276.005
798.75 313.747
798.875 302.006
799 305.53
799.125 595.482
799.25 2709.69
799.375 5158.07
799.5 2732.02
799.625 620.079
799.75 348.888
799.875 311.417
800 272.685
800.125 262.393
800.25 283.431
800.375 285.536
800.5 265.218
800.625 251.063
800.75 244.957
800.875 249.057
801 253.612
801.125 341.451
801.25 890.645
801.375 1514.77
801.5 917.757
801.625 371.63
801.75 289.824
801.875 394.251
802 498.94
802.125 362.375
802.25 275.762
802.375 518.838
802.5 2139.63
802.625 3971.54
802.75 2252.21
802.875 816.938
803 484.952
803.125 374.962
803.25 302.027
803.375 275.067
803.5 275.19
803.625 256.781
803.75 242.579
803.875 247.097
804 270.738
804.125 287.912
804.25 269.784
804.375 249.974
804.5 249.649
804.625 249.326
804.75 249.764
804.875 298.884
805 406.598
805.125 707.439
805.25 1067.3
805.375 654.714
805.5 302.123
805.625 252.214
805.75 255.296
805.875 261.811
806 352.591
806.125 1077.98
806.25 1918.72
806.375 1090.8
806.5 365.224
806.625 277.908
806.75 268.853
806.875 250.284
807 242.158
807.125 241.787
807.25 245.504
807.375 269.118
807.5 301.831
807.625 320.151
807.75 348.304
807.875 293.813
808 248.928
808.125 243.213
808.25 252.715
808.375 321.91
808.5 405.798
808.625 334.788
808.75 259.982
808.875 244.555
809 243.995
809.125 266.103
809.25 426.366
809.375 623.834
809.5 463.494
809.625 286.222
809.75 248.779
809.875 251.509
810 304.456
810.125 638.505
810.25 1013.85
810.375 649.041
810.5 333.431
810.625 280.442
810.75 269.465
810.875 266.514
811 267.471
811.125 263.059
811.25 254.096
811.375 251.268
811.5 249.427
811.625 248.198
811.75 248.148
811.875 251.014
812 255.365
812.125 255.525
812.25 262.862
812.375 267.09
812.5 263.52
812.625 274.379
812.75 279.419
812.875 262.39
813 262.897
813.125 288.305
813.25 288.575
813.375 272.978
813.5 288.432
813.625 301.315
813.75 357.238
813.875 457.599
814 400.103
814.125 299.361
814.25 261.72
814.375 264.686
814.5 366.714
814.625 541.154
814.75 507.32
814.875 332.602
815 256.364
815.125 256.475
815.25 258.674
815.375 253.022
815.5 244.22
815.625 244.531
815.75 244.832
815.875 247.819
816 246.081
816.125 234.898
816.25 231.137
816.375 234.82
816.5 235.279
816.625 245.383
816.75 248.551
816.875 238.644
817 234.672
817.125 246.4
817.25 254.045
817.375 254.655
817.5 251.713
817.625 240.933
817.75 228.277
817.875 233.927
818 245.386
818.125 246.862
818.25 248.427
818.375 252.626
818.5 252.064
818.625 254.94
818.75 305.022
818.875 360.66
819 306.52
819.125 258.304
819.25 252.272
819.375 293.021
819.5 368.604
819.625 356.252
819.75 278.726
819.875 249.468
820 249.609
820.125 252.259
820.25 257.874
820.375 267.738
820.5 282.504
820.625 295.537
820.75 307.746
820.875 298.751
821 281.901
821.125 267.3
821.25 270.468
821.375 292.507
821.5 294.858
821.625 273.011
821.75 258.641
821.875 257.082
822 258.843
822.125 258.376
822.25 258.304
822.375 256.641
822.5 255.091
822.625 243.873
822.75 225.156
822.875 221.855
823 232.172
823.125 237.889
823.25 249.399
823.375 254.67
823.5 259.716
823.625 262.826
823.75 263.026
823.875 266.967
824 289.666
824.125 331.128
824.25 325.076
824.375 279.79
824.5 269.37
824.625 303.506
824.75 358.645
824.875 351.236
825 298.181
825.125 271.469
825.25 269.898
825.375 293.451
825.5 315.092
825.625 282.903
825.75 266.362
825.875 267.037
826 265.393
826.125 268.48
826.25 269.386
826.375 267.779
826.5 270.373
826.625 273.547
826.75 278.945
826.875 284.563
827 279.296
827.125 274.771
827.25 271.569
827.375 266.215
827.5 281.68
827.625 377.864
827.75 913.931
827.875 1669.62
828 2138.9
828.125 2925.31
828.25 1763.64
828.375 712.079
828.5 814.472
828.625 1362.07
828.75 2394.92
828.875 3798.27
829 2165.69
829.125 588.63
829.25 295.653
829.375 351.19
829.5 943.434
829.625 1859.09
829.75 2949.05
829.875 4382.49
830 2329.11
830.125 649.367
830.25 516.498
830.375 442.64
830.5 340.522
830.625 296.538
830.75 294.912
830.875 391.397
831 1020.03
831.125 1739.84
831.25 1007.89
831.375 371.155
831.5 287.772
831.625 320.044
831.75 398.263
831.875 420.078
832 349.987
832.125 285.694
832.25 277.542
832.375 283.428
832.5 284.374
832.625 284.037
832.75 283.673
832.875 281.649
833 279.794
833.125 281.996
833.25 282.372
833.375 281.685
833.5 287.539
833.625 326.6
833.75 400.862
833.875 409.088
834 408.465
834.125 911.384
834.25 2136.57
834.375 6104.1
834.5 10798.7
834.625 5509.52
834.75 960.855
834.875 476.891
835 834.647
835.125 2226.69
835.25 3859.5
835.375 2065.62
835.5 521.833
835.625 317.262
835.75 303.2
835.875 338.083
836 481.342
836.125 612.762
836.25 580.412
836.375 961.301
836.5 1543.9
836.625 972.259
836.75 419.825
836.875 316.569
837 311.068
837.125 308.25
837.25 307.751
837.375 302.24
837.5 314.033
837.625 333.163
837.75 325.039
837.875 397.533
838 704.579
838.125 1794.27
838.25 2879.09
838.375 1550.54
838.5 453.48
838.625 314.665
838.75 327.247
838.875 345.454
839 396.427
839.125 401.87
839.25 340.014
839.375 310.75
839.5 331.207
839.625 848.927
839.75 4630.89
839.875 8974.58
840 4667.05
840.125 861.321
840.25 320.449
840.375 301.2
840.5 300.902
840.625 301.538
840.75 301.617
840.875 301.1
841 301.903
841.125 309.084
841.25 500.038
841.375 1875.82
841.5 3448.03
841.625 1876.03
841.75 500.289
841.875 309.979
842 306.601
842.125 324.396
842.25 369.651
842.375 399.432
842.5 396.831
842.625 457.27
842.75 983.207
842.875 4554.99
843 8684.8
843.125 4522.35
843.25 904.831
843.375 434.024
843.5 466.916
843.625 393.22
843.75 322.826
843.875 309.345
844 308.702
844.125 308.784
844.25 309.146
844.375 314.724
844.5 351.972
844.625 395.27
844.75 359.084
844.875 336.126
845 507.525
845.125 1734.4
845.25 3119.59
845.375 1736.69
845.5 508.341
845.625 330.32
845.75 319.231
845.875 326.163
846 354.354
846.125 386.572
846.25 803.426
846.375 3921.5
846.5 7506.25
846.625 3909.86
846.75 764.062
846.875 328.882
847 315.207
847.125 315.726
847.25 326.931
847.375 406.715
847.5 497.949
847.625 406.923
847.75 327.176
847.875 316.12
848 315.778
848.125 316.096
848.25 316.36
848.375 316.544
848.5 316.622
848.625 316.521
848.75 316.478
848.875 316.77
849 320.957
849.125 445.881
849.25 1348.63
849.375 2380.59
849.5 1355.56
849.625 496.858
849.75 422.191
849.875 373.277
850 365.943
850.125 441.352
850.25 679.733
850.375 2192.53
850.5 3930.92
850.625 2117.8
850.75 545.908
850.875 328.962
851 322.159
851.125 321.969
851.25 321.964
851.375 322.672
851.5 323.21
851.625 323.484
851.75 326.635
851.875 350.436
852 397.627
852.125 401.82
852.25 354.426
852.375 328.003
852.5 324.766
852.625 324.809
852.75 325.105
852.875 325.298
853 325.372
853.125 325.563
853.25 325.765
853.375 325.758
853.5 331.374
853.625 514.141
853.75 1835.09
853.875 3344.63
854 1838.69
854.125 545.488
854.25 394.736
854.375 357.438
854.5 332.269
854.625 411.675
854.75 1014.06
854.875 1702.64
855 1014.1
855.125 411.697
855.25 328.426
855.375 326.075
855.5 326.747
855.625 327.532
855.75 328.321
855.875 329.028
856 329.726
856.125 330.376
856.25 330.997
856.375 331.734
856.5 332.459
856.625 333.126
856.75 333.74
856.875 334.39
857 337.318
857.125 363.432
857.25 463.248
857.375 545.552
857.5 460.141
857.625 417.164
857.75 402.693
857.875 361.165
858 340.428
858.125 337.939
858.25 338.009
858.375 338.524
858.5 350.168
858.625 441.396
858.75 608.024
858.875 600.358
859 434.818
859.125 349.623
859.25 339.755
859.375 356.286
859.5 489.276
859.625 740.933
859.75 743.364
859.875 491.754
860 357.388
860.125 341.304
860.25 346.77
860.375 361.62
860.5 373.726
860.625 374.477
860.75 378.409
860.875 402.598
861 419.935
861.125 427.12
861.25 469.663
861.375 522.712
861.5 611.465
861.625 564.613
861.75 675.354
861.875 862.603
862 988.39
862.125 1136.35
862.25 1034.47
862.375 932.096
862.5 1343.39
862.625 1648.58
862.75 1537.16
862.875 1181.78
863 1539.72
863.125 1900.91
863.25 1584.25
863.375 1184.54
863.5 1450.15
863.625 1315.54
863.75 900.507
863.875 861.287
864 711.812
864.125 658.852
864.25 522.711
864.375 385.409
864.5 392.907
864.625 705.949
864.75 1123.08
864.875 1226.26
865 1800.81
865.125 1850.11
865.25 1400.02
865.375 1477.89
865.5 1477.1
865.625 1733.05
865.75 1532.42
865.875 1570.07
866 1522.38
866.125 1766.47
866.25 1592.37
866.375 2084.61
866.5 2087.04
866.625 1084.01
866.75 894.132
866.875 1307.77
867 1291.52
867.125 1408.01
867.25 892.212
867.375 785.971
867.5 1378.98
867.625 1410.39
867.75 782.262
867.875 655.573
868 1057.66
868.125 1069.73
868.25 626.051
868.375 405.665
868.5 508.938
868.625 775.719
868.75 793.319
868.875 529.408
869 446.628
869.125 516.382
869.25 517.908
869.375 541.056
869.5 445.706
869.625 403.355
869.75 471.773
869.875 535.407
870 575.063
870.125 536.783
870.25 445.405
870.375 422.29
870.5 429.861
870.625 535.883
870.75 680.741
870.875 516.088
871 382.303
871.125 378.966
871.25 376.757
871.375 361.177
871.5 356.954
871.625 365.438
871.75 372.768
871.875 368.529
872 357.967
872.125 353.112
872.25 352.77
872.375 358.031
872.5 395.532
872.625 438.376
872.75 395.76
872.875 358.485
873 353.43
873.125 353.382
873.25 353.497
873.375 353.705
873.5 357.083
873.625 382.743
873.75 429.782
873.875 452.586
874 448.498
874.125 412.572
874.25 400.5
874.375 375.497
874.5 358.339
874.625 363.699
874.75 377.294
874.875 403.928
875 436.709
875.125 395.515
875.25 360.364
875.375 355.628
875.5 359.08
875.625 469.657
875.75 1316.48
875.875 2917.26
876 4918.77
876.125 6621.8
876.25 3428.72
876.375 1020.01
876.5 1896.31
876.625 5733.32
876.75 7961.49
876.875 3951.09
877 988.741
877.125 450.151
877.25 374.79
877.375 571.29
877.5 1932.98
877.625 3835.37
877.75 5302.16
877.875 7405.8
878 3792.51
878.125 785.452
878.25 370.146
878.375 356.958
878.5 356.946
878.625 357.482
878.75 375.736
878.875 639.265
879 1988.08
879.125 3306.3
879.25 1792.93
879.375 535.932
879.5 363.428
879.625 358.025
879.75 358.105
879.875 358.856
880 364.794
880.125 378.377
880.25 382.028
880.375 368.128
880.5 360.052
880.625 371.06
880.75 470.119
880.875 683.433
881 724.973
881.125 506.441
881.25 376.271
881.375 359.646
881.5 359.215
881.625 359.272
881.75 359.243
881.875 359.065
882 359.057
882.125 363.19
882.25 483.795
882.375 1385.3
882.5 3419.92
882.625 9961.07
882.75 17705.2
882.875 9014.54
883 1692.71
883.125 1170.57
883.25 1543.51
883.375 1660.22
883.5 4159.35
883.625 7386.64
883.75 3951.75
883.875 864.028
884 384.163
884.125 362.612
884.25 373.681
884.375 457.38
884.5 569.624
884.625 518.639
884.75 571.204
884.875 1475.64
885 2544.25
885.125 1452.77
885.25 505.046
885.375 379.979
885.5 369.239
885.625 363.226
885.75 363.88
885.875 377.657
886 459.279
886.125 614.998
886.25 652.79
886.375 550.776
886.5 730.36
886.625 2866.44
886.75 5356.56
886.875 2860.3
887 678.683
887.125 379.565
887.25 366.933
887.375 364.359
887.5 364.139
887.625 364.135
887.75 363.659
887.875 362.977
888 363.366
888.125 364.373
888.25 393.4
888.375 1247.72
888.5 7340.45
888.625 14277.2
888.75 7363.69
888.875 1370.77
889 532.007
889.125 418.829
889.25 380.11
889.375 437.308
889.5 539.254
889.625 535.023
889.75 471.517
889.875 410.548
890 672.618
890.125 2837.89
890.25 5688.05
890.375 3784.84
890.5 1185.65
890.625 476.22
890.75 479.059
890.875 614.074
891 588.918
891.125 444.011
891.25 377.197
891.375 382.408
891.5 405.425
891.625 430.798
891.75 1320.75
891.875 7916.73
892 15516.2
892.125 8051.18
892.25 1419.57
892.375 483.301
892.5 476.326
892.625 606.954
892.75 661.086
892.875 522.861
893 445.763
893.125 415.945
893.25 417.805
893.375 448.168
893.5 471.445
893.625 467.675
893.75 420.766
893.875 401.43
894 422.263
894.125 706.513
894.25 2864.58
894.375 5353.4
894.5 2864.17
894.625 682.294
894.75 383.269
894.875 369.356
895 366.113
895.125 362.815
895.25 359.164
895.375 370.012
895.5 774.47
895.625 3975.95
895.75 9873.74
895.875 9696.23
896 3836.83
896.125 768.946
896.25 375.372
896.375 370.5
896.5 374.994
896.625 366.083
896.75 379.374
896.875 425.462
897 536.899
897.125 624.55
897.25 492.812
897.375 402.604
897.5 394.555
897.625 407.522
897.75 441.876
897.875 445.441
898 507.843
898.125 606.742
898.25 556.355
898.375 448.792
898.5 486.179
898.625 756.677
898.75 2088.98
898.875 3642
899 2000.17
899.125 700.59
899.25 689.217
899.375 533.561
899.5 392.152
899.625 375.6
899.75 388.712
899.875 782.321
900 3748.91
900.125 7180.01
900.25 3767.74
900.375 766.291
900.5 366.059
900.625 355.865
900.75 347.368
900.875 356.49
901 361.565
901.125 352.727
901.25 353.056
901.375 362.261
901.5 349.526
901.625 323.057
901.75 336.872
901.875 372.194
902 451.024
902.125 521.319
902.25 425.788
902.375 364.913
902.5 355.167
902.625 362.552
902.75 430.593
902.875 483.781
903 459.031
903.125 423.715
903.25 391.476
903.375 379.383
903.5 482.539
903.625 1245.81
903.75 2117.52
903.875 1244.7
904 479.273
904.125 373.635
904.25 399.33
904.375 445.146
904.5 416.499
904.625 489.96
904.75 1334.47
904.875 2904.94
905 2859.8
905.125 1305.79
905.25 496.36
905.375 398.762
905.5 413.421
905.625 451.397
905.75 441.411
905.875 398.178
906 379.308
906.125 382.57
906.25 426.546
906.375 493.058
906.5 482.833
906.625 491.468
906.75 502.334
906.875 541.762
907 506.832
907.125 487.159
907.25 402.89
907.375 360.661
907.5 380.852
907.625 394.415
907.75 381.127
907.875 364.829
908 360.425
908.125 371.079
908.25 395.05
908.375 399.036
908.5 374.269
908.625 345.823
908.75 340.007
908.875 368.692
909 449.879
909.125 881.334
909.25 1400.04
909.375 957.256
909.5 488.577
909.625 411.727
909.75 419.253
909.875 395.951
910 404.362
910.125 820.467
910.25 1599.71
910.375 1581.54
910.5 806.575
910.625 404.584
910.75 356.248
910.875 369.319
911 383.732
911.125 383.018
911.25 379.569
911.375 378.805
911.5 375.613
911.625 365.044
911.75 344.158
911.875 335.511
912 360.206
912.125 377.786
912.25 379.46
912.375 376.421
912.5 375.854
912.625 375.407
912.75 367.329
912.875 351.133
913 338.86
913.125 353.2
913.25 392.857
913.375 425.508
913.5 396.377
913.625 373.304
913.75 369.671
913.875 388.224
914 406.067
914.125 392.557
914.25 382.257
914.375 382.259
914.5 382.265
914.625 396.017
914.75 413.503
914.875 419.496
915 603.066
915.125 965.347
915.25 939.23
915.375 599.282
915.5 448.366
915.625 455.563
915.75 562.331
915.875 604.393
916 884.824
916.125 1285.7
916.25 829.272
916.375 434.564
916.5 382.805
916.625 378.225
916.75 370.21
916.875 372.234
917 377.551
917.125 373.402
917.25 356.417
917.375 340.408
917.5 351.468
917.625 369.208
917.75 371.485
917.875 374.449
918 379.386
918.125 379.355
918.25 377.061
918.375 365.925
918.5 359.154
918.625 372.956
918.75 383.44
918.875 384.642
919 382.431
919.125 379.229
919.25 376.022
919.375 372.532
919.5 362.114
919.625 365.728
919.75 379.466
919.875 390.581
920 398.704
920.125 393.122
920.25 388.45
920.375 392.191
920.5 395.723
920.625 387.074
920.75 389.33
920.875 407.355
921 409.923
921.125 393.172
921.25 383.38
921.375 410.961
921.5 592.17
921.625 847.748
921.75 735.183
921.875 490.367
922 398.665
922.125 418.157
922.25 657.102
922.375 1061.63
922.5 986.561
922.625 593.698
922.75 409.887
922.875 384.311
923 381.379
923.125 382.411
923.25 383.122
923.375 382.561
923.5 379.449
923.625 380.441
923.75 378.199
923.875 376.424
924 381.435
924.125 385.336
924.25 383.889
924.375 380.316
924.5 374.44
924.625 374.886
924.75 383.866
924.875 386.857
925 381.58
925.125 377.279
925.25 382.304
925.375 385.596
925.5 386.952
925.625 388.945
925.75 388.368
925.875 383.043
926 377.261
926.125 378.86
926.25 382.817
926.375 387.531
926.5 389.82
926.625 389.402
926.75 389.341
926.875 388.117
927 387.913
927.125 385.926
927.25 381.021
927.375 381.591
927.5 384.202
927.625 383.43
927.75 370.362
927.875 350.912
928 357.493
928.125 377.153
928.25 383.215
928.375 374.154
928.5 358.907
928.625 364.295
928.75 375.944
928.875 377.764
929 375.804
929.125 372.85
929.25 374.993
929.375 368.333
929.5 357.574
929.625 359.036
929.75 351.033
929.875 351.145
930 340.889
930.125 337.905
930.25 353.084
930.375 495.237
930.5 1748.14
930.625 4890.38
930.75 6434.46
930.875 3678.06
931 1435.51
931.125 2398.99
931.25 6719.71
931.375 9467.14
931.5 4453.82
931.625 905.224
931.75 612.594
931.875 473.514
932 476.82
932.125 1637.46
932.25 5960.81
932.375 9227.2
932.5 4430.93
932.625 796.447
932.75 329.583
932.875 358.109
933 396.778
933.125 393.864
933.25 336.098
933.375 262.582
933.5 412.813
933.625 1562.67
933.75 2839.12
933.875 1546.45
934 451.382
934.125 290.16
934.25 194.915
934.375 150.617
934.5 197.223
934.625 278.321
934.75 349.648
934.875 382.553
935 383.256
935.125 359.689
935.25 284.731
935.375 212.93
935.5 250.189
935.625 279.792
935.75 220.526
935.875 226.569
936 314.169
936.125 360.259
936.25 370.415
936.375 341.854
936.5 280.218
936.625 270.818
936.75 307.897
936.875 294.126
937 242.311
937.125 340.91
937.25 1316.87
937.375 3585.73
937.5 11433.9
937.625 20629.3
937.75 10371.2
937.875 1555.8
938 352.552
938.125 578.825
938.25 980.363
938.375 704.686
938.5 464.387
938.625 444.876
938.75 368.616
938.875 364.683
939 382.488
939.125 375.433
939.25 380.365
939.375 386.758
939.5 403.135
939.625 531.096
939.75 666.238
939.875 491.855
940 542.607
940.125 1850.91
940.25 3363.5
940.375 1867.87
940.5 558.654
940.625 378.026
940.75 362.562
940.875 330.174
941 302.611
941.125 333.172
941.25 366.049
941.375 379.159
941.5 431.389
941.625 466.58
941.75 647.375
941.875 2571.29
942 4851.19
942.125 3040.16
942.25 1593.64
942.375 864.047
942.5 408.035
942.625 270.792
942.75 214.719
942.875 235.187
943 287.687
943.125 331.158
943.25 373.226
943.375 392.833
943.5 388.96
943.625 372.915
943.75 1146.79
943.875 7169.57
944 14035
944.125 7136.85
944.25 1139.2
944.375 326.635
944.5 348.954
944.625 499.314
944.75 670.921
944.875 516.702
945 379.329
945.125 378.557
945.25 368.583
945.375 320.935
945.5 293.149
945.625 651.283
945.75 3255.18
945.875 6161.73
946 3165.66
946.125 612.419
946.25 344.789
946.375 369.81
946.5 362.897
946.625 366.736
946.75 345.675
946.875 311.81
947 324.637
947.125 375.132
947.25 404.696
947.375 703.976
947.5 3494.2
947.625 9860.34
947.75 11467.8
947.875 4900.43
948 801.824
948.125 247.72
948.25 285.788
948.375 357.668
948.5 380.329
948.625 372.752
948.75 375.931
948.875 391.448
949 394.669
949.125 384.015
949.25 332.577
949.375 262.043
949.5 287.443
949.625 326.068
949.75 316.356
949.875 323.901
950 570.619
950.125 2708.9
950.25 5282.59
950.375 2863.81
950.5 695.765
950.625 397.966
950.75 397.037
950.875 398.65
951 395.882
951.125 389.992
951.25 390.504
951.375 391.468
951.5 377.033
951.625 582.059
951.75 2595.39
951.875 6603.97
952 6833.04
952.125 2802.57
952.25 566.238
952.375 325.958
952.5 346.444
952.625 364.114
952.75 346.891
952.875 324.442
953 351.03
953.125 378.327
953.25 391.624
953.375 387.69
953.5 360.945
953.625 334.061
953.75 361.733
953.875 378.832
954 375.196
954.125 358.768
954.25 331.013
954.375 283.145
954.5 311.261
954.625 354.768
954.75 377.554
954.875 386.294
955 587.307
955.125 1997.57
955.25 3570.58
955.375 1915.91
955.5 528.503
955.625 337.538
955.75 318.385
955.875 356.697
956 394.614
956.125 387.747
956.25 352.917
956.375 344.624
956.5 752.344
956.625 3863.45
956.75 7454.51
956.875 3915.15
957 810.201
957.125 379.917
957.25 388.883
957.375 407.38
957.5 408.173
957.625 400.818
957.75 391.729
957.875 368.207
958 317.451
958.125 310.454
958.25 365.567
958.375 400.227
958.5 401.287
958.625 386.985
958.75 354.027
958.875 315.043
959 318.912
959.125 329.704
959.25 334.022
959.375 357.378
959.5 376.01
959.625 380.521
959.75 368.03
959.875 367.714
960 387.331
960.125 401.321
960.25 403.584
960.375 377.911
960.5 431.051
960.625 1106.94
960.75 1887.56
960.875 1136.82
961 473.673
961.125 400.09
961.25 405.115
961.375 383.79
961.5 364.943
961.625 384.921
961.75 421.67
961.875 716.445
962 1705.07
962.125 2359.63
962.25 1280.27
962.375 494.234
962.5 373.95
962.625 358.284
962.75 382.843
962.875 398.516
963 407.832
963.125 415.417
963.25 416.669
963.375 411.636
963.5 390.068
963.625 347.464
963.75 335.442
963.875 370.956
964 387.429
964.125 396.053
964.25 403.747
964.375 383.786
964.5 344.396
964.625 353.053
964.75 390.37
964.875 404.067
965 413.715
965.125 425.615
965.25 453.783
965.375 504.129
965.5 484.013
965.625 471.606
965.75 631.526
965.875 837.703
966 622.2
966.125 503.249
966.25 572.584
966.375 482.588
966.5 406.113
966.625 543.09
966.75 1555.8
966.875 2703.24
967 1536.84
967.125 590.505
967.25 850.336
967.375 1286.64
967.5 854.843
967.625 477.526
967.75 459.818
967.875 742.533
968 1560.53
968.125 3690.97
968.25 5587.21
968.375 2880.85
968.5 723.963
968.625 431.656
968.75 562.042
968.875 1562.66
969 2705.04
969.125 1558.79
969.25 557.504
969.375 422.438
969.5 429.338
969.625 749.735
969.75 3284.05
969.875 8040.28
970 8011.43
970.125 3240.74
970.25 734.613
970.375 431.717
970.5 423.3
970.625 423.793
970.75 427.618
970.875 678.106
971 2536.89
971.125 4659.26
971.25 2539.73
971.375 673.267
971.5 400.683
971.625 432.426
971.75 1234.73
971.875 6923.52
972 13420.6
972.125 6919.41
972.25 1224.17
972.375 427.424
972.5 404.004
972.625 414.679
972.75 420.286
972.875 420.462
973 417.514
973.125 417.737
973.25 433.242
973.375 514.409
973.5 829.297
973.625 2529.1
973.75 4774.79
973.875 3113.97
974 1018.46
974.125 472.577
974.25 415.941
974.375 483.455
974.5 670.787
974.625 689.577
974.75 513.7
974.875 406.999
975 402.637
975.125 418.011
975.25 413.845
975.375 401.319
975.5 408.303
975.625 402.101
975.75 386.662
975.875 404.088
976 419.568
976.125 410.505
976.25 396.668
976.375 402.444
976.5 411.733
976.625 421.54
976.75 425.719
976.875 424.736
977 427.615
977.125 429.19
977.25 424.353
977.375 417.728
977.5 419.692
977.625 420.99
977.75 421.297
977.875 418.903
978 417.152
978.125 409.947
978.25 398.364
978.375 414.118
978.5 427.446
978.625 433.748
978.75 712.962
978.875 4147.42
979 19093.8
979.125 32209
979.25 15614.9
979.375 2353.82
979.5 1046.58
979.625 1594.19
979.75 1732.8
979.875 6350.26
980 12123.8
980.125 6260.08
980.25 1145.63
980.375 444.173
980.5 431.827
980.625 483.54
980.75 696.634
980.875 892.264
981 890.02
981.125 2386.33
981.25 4285.01
981.375 2356.66
981.5 692.098
981.625 497.595
981.75 491.129
981.875 455.131
982 435.17
982.125 439.421
982.25 501.261
982.375 566.083
982.5 487.467
982.625 493.22
982.75 945.684
982.875 1463.65
983 947.359
983.125 492.519
983.25 428.991
983.375 431.775
983.5 434.031
983.625 433.633
983.75 434.265
983.875 434.484
984 434.054
984.125 432.37
984.25 430.749
984.375 448.105
984.5 486.392
984.625 955.055
984.75 4453.58
984.875 8468.56
985 4451.42
985.125 937.046
985.25 451.281
985.375 436.293
985.5 436.158
985.625 435.79
985.75 435.774
985.875 436.588
986 436.932
986.125 436.928
986.25 437.254
986.375 437.066
986.5 436.534
986.625 436.952
986.75 440.801
986.875 495.803
987 2083.47
987.125 13586.3
987.25 26733.8
987.375 13582.1
987.5 2078.85
987.625 489.086
987.75 438.2
987.875 437.239
988 437.709
988.125 438.545
988.25 438.968
988.375 439.542
988.5 443.974
988.625 449.376
988.75 444.209
988.875 439.653
989 439.224
989.125 458.448
989.25 1046.22
989.375 5270.84
989.5 10093.2
989.625 5271.3
989.75 1046.54
989.875 457.514
990 440.462
990.125 444.351
990.25 442.488
990.375 440.269
990.5 439.919
990.625 440.092
990.75 439.923
990.875 439.54
991 440.269
991.125 493.423
991.25 2135.91
991.375 14001.7
991.5 27562.6
991.625 14002
991.75 2136.49
991.875 494.12
992 441.414
992.125 441.485
992.25 441.799
992.375 441.719
992.5 440.865
992.625 439.486
992.75 440.103
992.875 441.347
993 442.053
993.125 442.343
993.25 442.793
993.375 443.27
993.5 443.239
993.625 443.17
993.75 455.28
993.875 835.384
994 3721.55
994.125 8141.85
994.25 7094.76
994.375 7278.72
994.5 14361.3
994.625 15968.8
994.75 9189.07
994.875 3884.03
995 1811.92
995.125 821.829
995.25 511.088
995.375 1318.05
995.5 7425.21
995.625 14407.3
995.75 7477.72
995.875 2160.15
996 5924.56
996.125 13765.7
996.25 13529.5
996.375 5342.59
996.5 1006.3
996.625 462.097
996.75 445.006
996.875 452.175
997 667.137
997.125 2214.41
997.25 3981.08
997.375 2213.34
997.5 670.421
997.625 486.155
997.75 549.004
997.875 570.85
998 499.594
998.125 453.338
998.25 446.611
998.375 446.174
998.5 446.421
998.625 446.649
998.75 446.72
998.875 446.72
999 446.889
999.125 446.754
999.25 446.403
999.375 446.757
999.5 447.289
999.625 454.722
999.75 681.797
999.875 2313.97
1000 4089.8
