320 237.742
320.125 320.744
320.25 340.99
320.375 351.2
320.5 358.587
320.625 363.619
320.75 368.319
320.875 388.293
321 419.405
321.125 417.955
321.25 407.096
321.375 394.9
321.5 377.51
321.625 375.96
321.75 363.65
321.875 353.995
322 335.987
322.125 337.168
322.25 346.896
322.375 333.589
322.5 320.063
322.625 315.977
322.75 317.993
322.875 325.189
323 333.124
323.125 334.223
323.25 334.688
323.375 337.089
323.5 342.455
323.625 349.777
323.75 352.514
323.875 355.359
324 355.402
324.125 355.742
324.25 358.865
324.375 362.888
324.5 364.849
324.625 362.746
324.75 360.215
324.875 363.062
325 371.21
325.125 381.067
325.25 389.13
325.375 394.383
325.5 399.743
325.625 408.451
325.75 424.905
325.875 445.872
326 453.325
326.125 460.339
326.25 473.625
326.375 478.147
326.5 486.294
326.625 479.585
326.75 476.796
326.875 475.248
327 463.123
327.125 463.451
327.25 472.543
327.375 460.838
327.5 456.486
327.625 458.525
327.75 440.646
327.875 427.684
328 438.426
328.125 455.988
328.25 443.449
328.375 433.675
328.5 442.103
328.625 458.439
328.75 467.992
328.875 474.636
329 474.275
329.125 479.113
329.25 488.073
329.375 505.264
329.5 525.869
329.625 536.326
329.75 538.856
329.875 523.96
330 519.38
330.125 514.777
330.25 516.653
330.375 491.707
330.5 482.375
330.625 490.624
330.75 477.275
330.875 473.773
331 483.816
331.125 472.716
331.25 466.3
331.375 470.009
331.5 460.252
331.625 453.709
331.75 458.039
331.875 463.995
332 459.865
332.125 456.633
332.25 460.575
332.375 465.757
332.5 462.801
332.625 460.669
332.75 460.033
332.875 465.47
333 464.255
333.125 451.368
333.25 444.484
333.375 443.552
333.5 439.611
333.625 434.257
333.75 430.733
333.875 431.558
334 434.879
334.125 438.54
334.25 441.908
334.375 444.798
334.5 447.106
334.625 448.54
334.75 448.944
334.875 448.882
335 448.686
335.125 448.301
335.25 447.695
335.375 446.867
335.5 445.519
335.625 442.582
335.75 437.339
335.875 430.94
336 424.156
336.125 416.965
336.25 409.403
336.375 401.941
336.5 395.692
336.625 393.827
336.75 407.568
336.875 436.874
337 442.108
337.125 428.379
337.25 436.068
337.375 439.625
337.5 450.91
337.625 457.5
337.75 457.669
337.875 434.616
338 434.572
338.125 448.751
338.25 438.27
338.375 438.308
338.5 447.29
338.625 439.821
338.75 433.899
338.875 434.391
339 435.786
339.125 437.136
339.25 438.395
339.375 439.643
339.5 440.987
339.625 442.412
339.75 443.706
339.875 444.492
340 444.942
340.125 445.911
340.25 447.771
340.375 450.132
340.5 452.237
340.625 452.696
340.75 450.618
340.875 447.306
341 443.765
341.125 440.145
341.25 436.456
341.375 432.75
341.5 429.466
341.625 428.058
341.75 429.905
341.875 435.985
342 445.466
342.125 449.533
342.25 451.092
342.375 456.28
342.5 452.29
342.625 448.015
342.75 446.399
342.875 446.785
343 449.251
343.125 446.735
343.25 440.237
343.375 440.227
343.5 449.249
343.625 449.798
343.75 430.344
343.875 414.109
344 405.495
344.125 398.477
344.25 391.772
344.375 385.225
344.5 379.586
344.625 377.593
344.75 381.415
344.875 390.887
345 409.959
345.125 431.175
345.25 435.98
345.375 439.737
345.5 448.763
345.625 448.539
345.75 451.421
345.875 444.925
346 443.464
346.125 430.865
346.25 423.262
346.375 424.079
346.5 420.328
346.625 416.816
346.75 415.223
346.875 413.823
347 412.355
347.125 410.816
347.25 409.283
347.375 407.846
347.5 406.844
347.625 409.091
347.75 422.82
347.875 445.891
348 460.293
348.125 471.754
348.25 473.831
348.375 462.938
348.5 463.609
348.625 453.919
348.75 449.837
348.875 437.444
349 424.873
349.125 420.539
349.25 413.776
349.375 413.4
349.5 420.563
349.625 414.754
349.75 414.372
349.875 418.56
350 425.336
350.125 432.729
350.25 441.701
350.375 445.638
350.5 451.989
350.625 453.938
350.75 449.4
350.875 447.254
351 444.045
351.125 439.992
351.25 437.983
351.375 430.372
351.5 424.007
351.625 423.602
351.75 424.221
351.875 416.9
352 411.485
352.125 409.371
352.25 404.019
352.375 398.973
352.5 395.915
352.625 395.382
352.75 398.302
352.875 402.803
353 407.48
353.125 412.125
353.25 416.752
353.375 421.357
353.5 425.792
353.625 429.64
353.75 432.639
353.875 435.535
354 441.041
354.125 453.648
354.25 468.024
354.375 475.063
354.5 483.547
354.625 487.099
354.75 478.345
354.875 466.629
355 458.356
355.125 454.391
355.25 455
355.375 464.605
355.5 472.311
355.625 468.546
355.75 455.975
355.875 441.29
356 435.544
356.125 442.807
356.25 439.077
356.375 444.042
356.5 420.043
356.625 400.185
356.75 397.094
356.875 387.47
357 373.246
357.125 364.57
357.25 359.544
357.375 355.001
357.5 350.776
357.625 348.366
357.75 346.431
357.875 340.105
358 334.332
358.125 331.936
358.25 330.078
358.375 323.859
358.5 319.067
358.625 320.534
358.75 329.133
358.875 340.892
359 353.04
359.125 365.202
359.25 377.364
359.375 389.443
359.5 400.606
359.625 408.076
359.75 409.985
359.875 409.355
360 408.436
360.125 407.539
360.25 406.651
360.375 405.755
360.5 404.681
360.625 402.867
360.75 399.937
360.875 396.491
361 392.989
361.125 389.515
361.25 386.857
361.375 390.172
361.5 401.542
361.625 410.755
361.75 418.448
361.875 421.89
362 418.661
362.125 417.306
362.25 422.394
362.375 424.363
362.5 421.608
362.625 425.817
362.75 431.458
362.875 433.643
363 433.919
363.125 432.092
363.25 440.121
363.375 445.785
363.5 445.896
363.625 439.848
363.75 438.091
363.875 444.566
364 445.496
364.125 445.618
364.25 439.458
364.375 434.948
364.5 432.915
364.625 433.729
364.75 437.273
364.875 444.748
365 448.782
365.125 451.022
365.25 455.58
365.375 461.388
365.5 467.16
365.625 472.212
365.75 476.194
365.875 479.689
366 483.12
366.125 486.553
366.25 490.153
366.375 494.791
366.5 499.343
366.625 500.302
366.75 499.555
366.875 498.62
367 498.147
367.125 493.715
367.25 490.628
367.375 489.809
367.5 488.611
367.625 487.568
367.75 482.06
367.875 476.751
368 473.246
368.125 470.022
368.25 466.806
368.375 463.625
368.5 460.908
368.625 460.457
368.75 463.814
368.875 468.981
369 474.335
369.125 479.621
369.25 484.871
369.375 490.098
369.5 495.433
369.625 502.781
369.75 512.031
369.875 516.589
370 517.404
370.125 513.609
370.25 504.059
370.375 496.63
370.5 489.546
370.625 485.288
370.75 484.606
370.875 487.283
371 486.921
371.125 483.936
371.25 480.582
371.375 482.106
371.5 485.855
371.625 483.905
371.75 479.877
371.875 474.071
372 469.162
372.125 464.93
372.25 461.437
372.375 453.355
372.5 445.763
372.625 440.422
372.75 436.972
372.875 434.221
373 429.988
373.125 427.771
373.25 426.591
373.375 432.891
373.5 427.705
373.625 421.537
373.75 433.426
373.875 444.417
374 437.403
374.125 422.302
374.25 413.868
374.375 418.666
374.5 411.413
374.625 412.569
374.75 411.033
374.875 408.568
375 415.387
375.125 422.742
375.25 427.596
375.375 438.922
375.5 449.375
375.625 447.936
375.75 449.983
375.875 455.633
376 452.463
376.125 448.189
376.25 450.997
376.375 456.912
376.5 456.686
376.625 457.089
376.75 460.855
376.875 468.961
377 479.105
377.125 487.817
377.25 500.249
377.375 518.853
377.5 534.595
377.625 529.3
377.75 527.047
377.875 527.999
378 529.393
378.125 533.99
378.25 531.117
378.375 536.161
378.5 545.765
378.625 534.126
378.75 518.262
378.875 508.701
379 502.166
379.125 495.029
379.25 485.993
379.375 473.746
379.5 467.402
379.625 458.624
379.75 455.09
379.875 457.417
380 464.2
380.125 471.277
380.25 472.765
380.375 475.453
380.5 480.09
380.625 482.239
380.75 479.737
380.875 475.996
381 472.401
381.125 468.157
381.25 469.355
381.375 474.773
381.5 475.815
381.625 467.341
381.75 453.02
381.875 440.067
382 429.162
382.125 413.945
382.25 400.726
382.375 387.784
382.5 371.388
382.625 360.832
382.75 356.157
382.875 357.749
383 364.466
383.125 376.071
383.25 371.464
383.375 349.077
383.5 337.783
383.625 339.532
383.75 357.65
383.875 353.939
384 354.832
384.125 371.153
384.25 378.451
384.375 388.281
384.5 409.894
384.625 424.892
384.75 425.854
384.875 425.144
385 427.914
385.125 420.502
385.25 414.889
385.375 418.188
385.5 424.053
385.625 424.721
385.75 420.103
385.875 417.396
386 416.906
386.125 416.734
386.25 416.919
386.375 419.377
386.5 422.208
386.625 418.988
386.75 416.118
386.875 415.513
387 415.299
387.125 415.185
387.25 415.346
387.375 417.018
387.5 418.906
387.625 416.613
387.75 414.283
387.875 413.333
388 412.812
388.125 413.661
388.25 414.738
388.375 412.232
388.5 410.476
388.625 413.572
388.75 428.182
388.875 447.088
389 447.523
389.125 445.945
389.25 451.697
389.375 459.744
389.5 467.745
389.625 474.424
389.75 478.871
389.875 482.255
390 485.512
390.125 488.814
390.25 493.513
390.375 508.01
390.5 531.515
390.625 540.352
390.75 541.349
390.875 543.643
391 547.37
391.125 547.755
391.25 547.02
391.375 549.292
391.5 549.852
391.625 544.635
391.75 535.041
391.875 524.43
392 506.291
392.125 488.775
392.25 476.145
392.375 464.051
392.5 449.347
392.625 431.49
392.75 412.059
392.875 393.491
393 373.473
393.125 355.472
393.25 334.231
393.375 309.912
393.5 290.609
393.625 284.276
393.75 295.814
393.875 317.043
394 345.234
394.125 374.896
394.25 398.271
394.375 413.171
394.5 427.494
394.625 443.382
394.75 458.276
394.875 470.967
395 484.505
395.125 505.083
395.25 510.633
395.375 516.941
395.5 528.614
395.625 530.122
395.75 511.067
395.875 489.67
396 473.969
396.125 455.61
396.25 430.299
396.375 406.886
396.5 387.658
396.625 375.04
396.75 372.815
396.875 375.532
397 378.874
397.125 382.868
397.25 391.031
397.375 400.61
397.5 401.853
397.625 415.197
397.75 444.349
397.875 463.516
398 489.621
398.125 519.754
398.25 540.503
398.375 566.337
398.5 592.206
398.625 607.746
398.75 621.229
398.875 634.659
399 635.738
399.125 636.643
399.25 646.515
399.375 658.392
399.5 658.93
399.625 659.018
399.75 663.07
399.875 670.058
400 673.047
400.125 667.911
400.25 664.943
400.375 665.418
400.5 667.229
400.625 674.919
400.75 690.421
400.875 704.014
401 710.783
401.125 704.994
401.25 703.145
401.375 706.642
401.5 704.998
401.625 705.437
401.75 705.515
401.875 705.327
402 706.754
402.125 705.591
402.25 704.51
402.375 706.57
402.5 707.094
402.625 705.03
402.75 700.964
402.875 699.963
403 695.277
403.125 689.781
403.25 685.355
403.375 679.747
403.5 675.389
403.625 672.931
403.75 671.865
403.875 671.387
404 670.999
404.125 671.204
404.25 675.745
404.375 685.212
404.5 686.894
404.625 685.885
404.75 691.973
404.875 690.732
405 696.804
405.125 689.453
405.25 674.768
405.375 674.871
405.5 681.335
405.625 673.962
405.75 671.236
405.875 673.999
406 669.08
406.125 665.613
406.25 663.121
406.375 658.316
406.5 659.873
406.625 659.945
406.75 654.97
406.875 653.205
407 645.155
407.125 640.35
407.25 640.766
407.375 642.482
407.5 647.693
407.625 654.477
407.75 655.978
407.875 666.248
408 685.342
408.125 690.899
408.25 682.721
408.375 681.672
408.5 686.865
408.625 693.404
408.75 689.461
408.875 683.516
409 681.035
409.125 683.03
409.25 683.419
409.375 681.564
409.5 676.776
409.625 675.052
409.75 670.774
409.875 657.665
410 643.451
410.125 628.217
410.25 614.195
410.375 603.686
410.5 590.359
410.625 590.153
410.75 606.686
410.875 614.992
411 621.348
411.125 629.507
411.25 641.84
411.375 658.904
411.5 673.342
411.625 677.675
411.75 676.827
411.875 675.859
412 678.118
412.125 683.361
412.25 681.5
412.375 674.919
412.5 672.588
412.625 670.135
412.75 666.62
412.875 658.751
413 654.018
413.125 651.05
413.25 647.321
413.375 643.615
413.5 642.73
413.625 642.641
413.75 637.178
413.875 634.787
414 627.183
414.125 618.85
414.25 614.755
414.375 615.272
414.5 617.43
414.625 612.886
414.75 609.265
414.875 608.635
415 608.452
415.125 608.274
415.25 608.425
415.375 611.621
415.5 622.437
415.625 631.889
415.75 631.626
415.875 636.121
416 638.07
416.125 644.955
416.25 647.495
416.375 661.858
416.5 671.311
416.625 665.137
416.75 662.65
416.875 660.435
417 643.654
417.125 631.968
417.25 627.161
417.375 619.671
417.5 611.975
417.625 604.354
417.75 606.359
417.875 601.317
418 591.839
418.125 591.153
418.25 596.658
418.375 600.405
418.5 604.546
418.625 604.841
418.75 600.865
418.875 602.225
419 598.985
419.125 594.174
419.25 593.426
419.375 597.089
419.5 601.458
419.625 598.694
419.75 597.125
419.875 599.292
420 605.533
420.125 612.498
420.25 610.675
420.375 610.169
420.5 612.613
420.625 619.626
420.75 627.989
420.875 621.875
421 616.776
421.125 617.341
421.25 618.801
421.375 620.755
421.5 625.467
421.625 628.297
421.75 618.309
421.875 606.613
422 597.769
422.125 589.424
422.25 581.675
422.375 577.676
422.5 574.792
422.625 565.263
422.75 562.44
422.875 566.334
423 571.179
423.125 576.069
423.25 581.466
423.375 590.128
423.5 599.219
423.625 598.941
423.75 597.946
423.875 599.609
424 601.704
424.125 603.811
424.25 605.93
424.375 608.427
424.5 613.727
424.625 622.38
424.75 625.176
424.875 618.715
425 612.774
425.125 610.718
425.25 607.665
425.375 603.217
425.5 595.339
425.625 590.279
425.75 589.156
425.875 589.068
426 589.074
426.125 589.084
426.25 589.092
426.375 589.09
426.5 588.898
426.625 587.474
426.75 583.733
426.875 578.858
427 574.05
427.125 570.577
427.25 567.326
427.375 560.539
427.5 554.19
427.625 550.669
427.75 550.815
427.875 553.253
428 554.033
428.125 552.839
428.25 554.498
428.375 559.643
428.5 561.644
428.625 557.34
428.75 550.382
428.875 545.04
429 542.415
429.125 540.207
429.25 533.669
429.375 527.394
429.5 522.715
429.625 518.247
429.75 512.011
429.875 499.399
430 481.75
430.125 466.628
430.25 456.259
430.375 446.691
430.5 431.712
430.625 425.441
430.75 437.472
430.875 458.83
431 482.797
431.125 505.58
431.25 529.01
431.375 553.759
431.5 572.1
431.625 589.155
431.75 597.511
431.875 589.318
432 583.716
432.125 584.412
432.25 578.331
432.375 573.13
432.5 572.265
432.625 573.205
432.75 573.975
432.875 575.977
433 579.01
433.125 582.187
433.25 585.367
433.375 588.534
433.5 591.493
433.625 593.12
433.75 592.823
433.875 595.295
434 598.276
434.125 590.583
434.25 583.558
434.375 580.562
434.5 578.355
434.625 577.222
434.75 578.077
434.875 579.91
435 581.871
435.125 583.847
435.25 585.827
435.375 587.82
435.5 590.031
435.625 593.664
435.75 599.98
435.875 607.615
436 615.412
436.125 623.213
436.25 631.011
436.375 638.781
436.5 646.1
436.625 650.97
436.75 653.963
436.875 654.768
437 644.955
437.125 635.77
437.25 630.454
437.375 625.732
437.5 620.863
437.625 614.915
437.75 606.931
437.875 597.938
438 588.825
438.125 579.98
438.25 572.936
438.375 567.239
438.5 558.098
438.625 551.078
438.75 554.533
438.875 563.696
439 574.588
439.125 585.683
439.25 594.035
439.375 602.525
439.5 611.511
439.625 617.224
439.75 616.679
439.875 614.602
440 615.516
440.125 616.347
440.25 612.226
440.375 607.342
440.5 609.406
440.625 616.56
440.75 623.57
440.875 628.612
441 628.636
441.125 640.716
441.25 648.485
441.375 647.114
441.5 656.741
441.625 666.467
441.75 660.653
441.875 656.779
442 662.161
442.125 669.854
442.25 667.541
442.375 663.79
442.5 665.864
442.625 668.727
442.75 664.31
442.875 659.187
443 656.208
443.125 654.962
443.25 653.934
443.375 649.586
443.5 647.215
443.625 647.574
443.75 646.151
443.875 646.25
444 648.159
444.125 650.331
444.25 652.907
444.375 658.372
444.5 666.155
444.625 665.627
444.75 655.93
444.875 647.38
445 641.218
445.125 635.379
445.25 629.558
445.375 624.028
445.5 619.973
445.625 619.623
445.75 620.871
445.875 619.338
446 619.731
446.125 624.39
446.25 629.699
446.375 629.157
446.5 629.434
446.625 634.571
446.75 642.231
446.875 646.511
447 651.18
447.125 657.505
447.25 664.423
447.375 673.549
447.5 682.73
447.625 683.618
447.75 679.991
447.875 675.979
448 671.909
448.125 667.838
448.25 664.022
448.375 661.838
448.5 660.09
448.625 655.356
448.75 653.575
448.875 654.842
449 656.568
449.125 658.304
449.25 660.034
449.375 661.753
449.5 663.522
449.625 665.824
449.75 669.196
449.875 673.133
450 677.178
450.125 681.276
450.25 685.399
450.375 689.537
450.5 693.782
450.625 698.38
450.75 700.666
450.875 697.265
451 693.939
451.125 692.24
451.25 690.797
451.375 689.367
451.5 687.816
451.625 685.162
451.75 680.263
451.875 674.177
452 667.913
452.125 661.644
452.25 655.377
452.375 649.12
452.5 643.073
452.625 638.772
452.75 638.697
452.875 641.878
453 644.894
453.125 645.144
453.25 643.027
453.375 644.193
453.5 650.137
453.625 655.091
453.75 655.501
453.875 655.377
454 654.739
454.125 653.976
454.25 652.252
454.375 653.205
454.5 648.877
454.625 645.866
454.75 646.729
454.875 648.493
455 650.79
455.125 656.53
455.25 666.856
455.375 670.424
455.5 663.495
455.625 659.962
455.75 660.8
455.875 662.185
456 663.567
456.125 664.943
456.25 666.518
456.375 669.431
456.5 672.753
456.625 673.708
456.75 674.763
456.875 673.468
457 672.578
457.125 673.012
457.25 673.644
457.375 674.276
457.5 675.026
457.625 676.316
457.75 675.867
457.875 672.508
458 671.092
458.125 667.274
458.25 665.293
458.375 660.439
458.5 652.981
458.625 648.607
458.75 645.931
458.875 644.985
459 647.068
459.125 644.851
459.25 643.289
459.375 644.078
459.5 645.222
459.625 646.33
459.75 647.322
459.875 648.245
460 649.157
460.125 650.075
460.25 650.99
460.375 651.899
460.5 652.786
460.625 653.544
460.75 654.047
460.875 654.413
461 654.758
461.125 655.101
461.25 655.435
461.375 655.765
461.5 656.14
461.625 656.797
461.75 658.009
461.875 659.513
462 661.055
462.125 662.593
462.25 664.132
462.375 665.673
462.5 667.103
462.625 667.625
462.75 666.309
462.875 664.02
463 661.586
463.125 659.145
463.25 656.701
463.375 654.258
463.5 651.829
463.625 649.409
463.75 646.976
463.875 644.534
464 642.097
464.125 639.669
464.25 637.241
464.375 634.813
464.5 632.519
464.625 631.276
464.75 632.138
464.875 634.105
465 636.23
465.125 638.355
465.25 640.479
465.375 642.604
465.5 644.544
465.625 645.015
465.75 642.868
465.875 641.669
466 642.441
466.125 640.396
466.25 635.693
466.375 626.038
466.5 619.044
466.625 618.98
466.75 624.436
466.875 628.102
467 630.676
467.125 635.916
467.25 644.186
467.375 646.328
467.5 652.742
467.625 652.564
467.75 645.501
467.875 643.005
468 647.822
468.125 654.111
468.25 645.816
468.375 638.556
468.5 637.03
468.625 636.525
468.75 636.338
468.875 636.289
469 636.26
469.125 636.23
469.25 636.199
469.375 636.156
469.5 635.975
469.625 634.954
469.75 632.212
469.875 628.501
470 624.64
470.125 620.835
470.25 617.056
470.375 613.283
470.5 609.754
470.625 608.257
470.75 610.893
470.875 615.964
471 622.992
471.125 630.313
471.25 633.376
471.375 636.71
471.5 641.523
471.625 645.633
471.75 648.11
471.875 651.34
472 654.699
472.125 653.389
472.25 652.368
472.375 653.088
472.5 654.009
472.625 654.359
472.75 653.51
472.875 652.037
473 650.472
473.125 648.878
473.25 647.266
473.375 645.668
473.5 644.177
473.625 643.564
473.75 644.75
473.875 646.892
474 649.181
474.125 651.471
474.25 653.747
474.375 656.014
474.5 658.184
474.625 659.576
474.75 659.393
474.875 658.364
475 657.139
475.125 655.778
475.25 654.349
475.375 652.912
475.5 651.456
475.625 649.79
475.75 647.693
475.875 645.369
476 643.019
476.125 640.682
476.25 638.377
476.375 636.095
476.5 633.999
476.625 633.36
476.75 635.655
476.875 639.508
477 643.608
477.125 647.734
477.25 651.886
477.375 656.049
477.5 660.026
477.625 662.514
477.75 661.982
477.875 659.861
478 657.521
478.125 655.185
478.25 652.85
478.375 650.511
478.5 648.296
478.625 647.153
478.75 648.194
478.875 650.391
479 652.766
479.125 655.15
479.25 657.527
479.375 659.883
479.5 662.117
479.625 663.502
479.75 663.141
479.875 661.847
480 660.395
480.125 658.907
480.25 657.404
480.375 655.895
480.5 654.463
480.625 653.787
480.75 654.689
480.875 656.552
481 659.546
481.125 664.41
481.25 667.608
481.375 666.272
481.5 665.854
481.625 666.705
481.75 668.281
481.875 672.354
482 674.987
482.125 671.261
482.25 662.224
482.375 659.302
482.5 658.667
482.625 655.757
482.75 658.265
482.875 658.097
483 651.472
483.125 647.664
483.25 646.979
483.375 646.73
483.5 646.468
483.625 645.862
483.75 644.514
483.875 642.744
484 641.435
484.125 643.614
484.25 646.383
484.375 639.89
484.5 634.385
484.625 634.881
484.75 635.034
484.875 625.934
485 617.263
485.125 611.822
485.25 606.889
485.375 601.975
485.5 596.992
485.625 591.508
485.75 584.992
485.875 578.429
486 575.545
486.125 573.283
486.25 560.91
486.375 549.172
486.5 541.618
486.625 537.71
486.75 540.224
486.875 546.546
487 553.645
487.125 560.803
487.25 567.964
487.375 575.121
487.5 582.162
487.625 588.283
487.75 592.494
487.875 595.6
488 598.952
488.125 605.341
488.25 612.225
488.375 610.976
488.5 610.21
488.625 612.224
488.75 614.117
488.875 615.671
489 617.145
489.125 618.623
489.25 620.101
489.375 621.567
489.5 623.039
489.625 624.523
489.75 626.021
489.875 627.522
490 629.028
490.125 630.548
490.25 632.687
490.375 638.876
490.5 645.607
490.625 640.428
490.75 633.658
490.875 630.642
491 628.146
491.125 622.591
491.25 617.24
491.375 613.053
491.5 609.156
491.625 606.391
491.75 607.36
491.875 609.683
492 606.832
492.125 604.327
492.25 603.858
492.375 603.714
492.5 603.574
492.625 603.374
492.75 603.058
492.875 603.015
493 605.34
493.125 608.978
493.25 606.84
493.375 602.769
493.5 603.293
493.625 613.086
493.75 624.126
493.875 619.68
494 617.667
494.125 622.36
494.25 628.074
494.375 633.813
494.5 639.497
494.625 644.418
494.75 644.954
494.875 638.912
495 632.573
495.125 628.449
495.25 629.893
495.375 632.245
495.5 620.598
495.625 611.458
495.75 611.085
495.875 613.565
496 616.48
496.125 619.574
496.25 623.696
496.375 628.311
496.5 632.177
496.625 635.893
496.75 633.859
496.875 631.503
497 631.02
497.125 630.839
497.25 630.817
497.375 631.805
497.5 633.006
497.625 631.579
497.75 628.198
497.875 621.361
498 614.585
498.125 608.955
498.25 603.506
498.375 598.073
498.5 592.871
498.625 589.514
498.75 590.031
498.875 592.859
499 596.313
499.125 600.822
499.25 605.592
499.375 608.327
499.5 611.708
499.625 613.099
499.75 609.934
499.875 605.506
500 601.379
500.125 597.386
500.25 593.567
500.375 590.635
500.5 587.915
500.625 583.372
500.75 579.989
500.875 578.085
501 576.455
501.125 574.831
501.25 573.19
501.375 571.568
501.5 570.061
501.625 569.441
501.75 570.723
501.875 573.14
502 575.835
502.125 578.596
502.25 581.319
502.375 583.985
502.5 586.596
502.625 588.929
502.75 590.614
502.875 591.839
503 593.178
503.125 594.561
503.25 595.784
503.375 596.757
503.5 597.598
503.625 597.96
503.75 596.794
503.875 594.965
504 592.887
504.125 590.488
504.25 587.985
504.375 585.986
504.5 584.344
504.625 583.742
504.75 585.776
504.875 589.525
505 593.702
505.125 597.887
505.25 601.969
505.375 606.127
505.5 610.092
505.625 612.719
505.75 613.171
505.875 612.473
506 611.482
506.125 610.529
506.25 609.576
506.375 608.508
506.5 607.191
506.625 605.529
506.75 603.797
506.875 602.129
507 600.438
507.125 598.546
507.25 596.537
507.375 594.798
507.5 592.969
507.625 591.531
507.75 592.206
507.875 593.644
508 593.045
508.125 592.654
508.25 592.933
508.375 593.251
508.5 593.603
508.625 593.834
508.75 594.046
508.875 594.236
509 595.127
509.125 596.062
509.25 594.646
509.375 593.502
509.5 593.331
509.625 593.501
509.75 594.219
509.875 595.197
510 596.184
510.125 597.177
510.25 598.228
510.375 599.352
510.5 600.48
510.625 601.703
510.75 603.195
510.875 604.849
511 606.497
511.125 608.175
511.25 609.905
511.375 611.606
511.5 613.125
511.625 613.368
511.75 610.93
511.875 606.876
512 602.488
512.125 598.084
512.25 593.669
512.375 589.263
512.5 584.977
512.625 581.571
512.75 580.009
512.875 579.544
513 579.31
513.125 579.097
513.25 578.878
513.375 578.659
513.5 578.456
513.625 578.383
513.75 578.591
513.875 578.975
514 579.388
514.125 579.803
514.25 580.229
514.375 580.656
514.5 581.083
514.625 581.589
514.75 582.286
514.875 583.111
515 583.962
515.125 584.814
515.25 585.683
515.375 586.55
515.5 587.181
515.625 585.979
515.75 580.949
515.875 573.639
516 565.858
516.125 558.037
516.25 550.218
516.375 542.404
516.5 534.842
516.625 529.338
516.75 528.13
516.875 529.471
517 531.334
517.125 533.245
517.25 535.159
517.375 537.065
517.5 538.854
517.625 539.733
517.75 538.692
517.875 536.506
518 534.094
518.125 531.66
518.25 529.225
518.375 526.863
518.5 526.404
518.625 538.917
518.75 560.397
518.875 558.641
519 551.17
519.125 548.157
519.25 550.4
519.375 556.165
519.5 574.702
519.625 672.682
519.75 788.643
519.875 735.608
520 705.123
520.125 647.471
520.25 612.103
520.375 587.005
520.5 571.297
520.625 570.476
520.75 577.496
520.875 586.054
521 582.254
521.125 579.248
521.25 580.958
521.375 583.412
521.5 586.361
521.625 592.142
521.75 596.321
521.875 588.767
522 581.556
522.125 580.242
522.25 592.952
522.375 607.925
522.5 587.386
522.625 570.157
522.75 568.64
522.875 570.593
523 573.756
523.125 582.51
523.25 592.181
523.375 587.064
523.5 582.971
523.625 587.428
523.75 612.076
523.875 639.899
524 616.172
524.125 595.687
524.25 594.623
524.375 596.566
524.5 598.541
524.625 599.962
524.75 600.974
524.875 606.819
525 613.403
525.125 605.047
525.25 599.049
525.375 603.081
525.5 630.949
525.625 661.989
525.75 620.756
525.875 582.507
526 573.669
526.125 569.481
526.25 556.364
526.375 543.823
526.5 535.016
526.625 529.384
526.75 529.561
526.875 533.567
527 538.528
527.125 543.616
527.25 549.528
527.375 561.74
527.5 583.237
527.625 592.371
527.75 578.481
527.875 570.202
528 571.026
528.125 573.172
528.25 575.367
528.375 577.57
528.5 579.735
528.625 581.586
528.75 582.766
528.875 583.514
529 584.157
529.125 585.184
529.25 588.766
529.375 592.778
529.5 590.056
529.625 589.024
529.75 598.701
529.875 612.995
530 607.824
530.125 596.36
530.25 592.909
530.375 593.936
530.5 598.407
530.625 603.243
530.75 599.863
530.875 597.042
531 598.903
531.125 602.733
531.25 609.978
531.375 618.825
531.5 608.144
531.625 597.768
531.75 592.746
531.875 588.512
532 584.097
532.125 575.865
532.25 568.441
532.375 566.157
532.5 564.979
532.625 556.276
532.75 555.098
532.875 574.791
533 600.409
533.125 590.345
533.25 576.461
533.375 576.582
533.5 580.948
533.625 584.359
533.75 584.775
533.875 583.187
534 581.099
534.125 578.965
534.25 577.007
534.375 576.199
534.5 575.742
534.625 573.534
534.75 574.662
534.875 581.57
535 589.589
535.125 590.308
535.25 592.802
535.375 599.446
535.5 603.52
535.625 603.203
535.75 600.745
535.875 597.286
536 593.429
536.125 589.523
536.25 585.623
536.375 581.738
536.5 577.958
536.625 574.991
536.75 573.803
536.875 573.8
537 574.095
537.125 574.426
537.25 574.753
537.375 575.07
537.5 575.395
537.625 575.795
537.75 576.349
537.875 576.992
538 577.643
538.125 578.293
538.25 578.95
538.375 579.619
538.5 580.211
538.625 580.202
538.75 578.912
538.875 576.75
539 574.366
539.125 571.981
539.25 569.592
539.375 567.201
539.5 564.811
539.625 562.465
539.75 560.242
539.875 558.127
540 556.047
540.125 553.927
540.25 551.784
540.375 549.722
540.5 547.757
540.625 546.821
540.75 548.259
540.875 551.328
541 554.81
541.125 558.403
541.25 561.903
541.375 565.409
541.5 568.899
541.625 571.333
541.75 571.387
541.875 569.854
542 567.966
542.125 566.088
542.25 564.239
542.375 562.471
542.5 560.749
542.625 559.65
542.75 560.021
542.875 561.376
543 563.018
543.125 564.74
543.25 566.464
543.375 568.059
543.5 569.605
543.625 570.973
543.75 571.659
543.875 571.883
544 572.035
544.125 572.252
544.25 572.52
544.375 572.881
544.5 573.288
544.625 573.733
544.75 574.424
544.875 575.406
545 576.506
545.125 577.61
545.25 578.686
545.375 579.72
545.5 580.619
545.625 581.242
545.75 581.417
545.875 581.177
546 580.814
546.125 580.423
546.25 579.954
546.375 579.642
546.5 579.325
546.625 578.804
546.75 577.945
546.875 576.852
547 575.671
547.125 574.572
547.25 573.436
547.375 572.254
547.5 571.141
547.625 570.472
547.75 570.857
547.875 571.987
548 573.312
548.125 574.63
548.25 575.931
548.375 577.238
548.5 578.549
548.625 579.855
548.75 581.187
548.875 582.562
549 583.87
549.125 584.957
549.25 585.741
549.375 586.357
549.5 586.885
549.625 587.046
549.75 586.326
549.875 584.994
550 583.674
550.125 583.249
550.25 583.009
550.375 580.517
550.5 578.197
550.625 576.976
550.75 576.447
550.875 576.307
551 576.278
551.125 576.27
551.25 576.263
551.375 576.242
551.5 576.192
551.625 575.926
551.75 575.212
551.875 574.197
552 573.098
552.125 571.986
552.25 570.881
552.375 569.78
552.5 568.723
552.625 568.05
552.75 568.185
552.875 568.852
553 569.657
553.125 570.486
553.25 571.313
553.375 572.134
553.5 572.942
553.625 573.635
553.75 574.123
553.875 574.666
554 577.349
554.125 593.399
554.25 615.85
554.375 620.658
554.5 625.867
554.625 601.072
554.75 586.308
554.875 588.843
555 583.814
555.125 579.489
555.25 578.962
555.375 579.021
555.5 579.044
555.625 578.619
555.75 577.201
555.875 575.107
556 573.251
556.125 577.363
556.25 608.404
556.375 639.002
556.5 599.386
556.625 566.663
556.75 563.455
556.875 573.582
557 585.452
557.125 575.328
557.25 566.791
557.375 592.294
557.5 1403.72
557.625 7261.53
557.75 13955
557.875 7260.38
558 1409.62
558.125 606.914
558.25 569.497
558.375 559.045
558.5 556.291
558.625 558.934
558.75 586.985
558.875 619.785
559 588.281
559.125 560.818
559.25 557.658
559.375 558.329
559.5 560.736
559.625 573.477
559.75 588.091
559.875 575.63
560 564.906
560.125 564.602
560.25 571.04
560.375 610.655
560.5 655.726
560.625 612.641
560.75 574.357
560.875 568.672
561 567.991
561.125 567.482
561.25 566.981
561.375 566.512
561.5 567.349
561.625 576.697
561.75 587.992
561.875 577.794
562 569.256
562.125 573.871
562.25 611.143
562.375 653.658
562.5 612.922
562.625 577.307
562.75 572.878
562.875 573.185
563 573.611
563.125 574.036
563.25 574.468
563.375 574.903
563.5 575.354
563.625 576.716
563.75 584.426
563.875 593.055
564 584.195
564.125 576.503
564.25 577.732
564.375 595.078
564.5 614.94
564.625 594.473
564.75 575.876
564.875 571.911
565 570.17
565.125 568.494
565.25 566.811
565.375 565.125
565.5 563.499
565.625 562.362
565.75 562.33
565.875 563.122
566 564.183
566.125 566.387
566.25 575.849
566.375 586.525
566.5 577.954
566.625 570.771
566.75 572.276
566.875 581.496
567 591.619
567.125 585.003
567.25 579.503
567.375 580.321
567.5 582.072
567.625 583.117
567.75 582.486
567.875 580.515
568 578.068
568.125 575.6
568.25 573.164
568.375 570.674
568.5 568.455
568.625 566.877
568.75 566.701
568.875 567.883
569 569.371
569.125 571.155
569.25 572.753
569.375 575.275
569.5 582.017
569.625 588.385
569.75 581.356
569.875 573.662
570 570.415
570.125 567.78
570.25 565.173
570.375 562.499
570.5 559.888
570.625 558.019
570.75 557.945
570.875 559.278
571 560.923
571.125 562.551
571.25 564.29
571.375 566.028
571.5 567.837
571.625 569.596
571.75 571.405
571.875 573.427
572 575.515
572.125 577.869
572.25 580.145
572.375 582.442
572.5 584.694
572.625 586.308
572.75 586.883
572.875 586.571
573 586.094
573.125 585.892
573.25 585.566
573.375 585.132
573.5 584.699
573.625 584.187
573.75 583.7
573.875 583.658
574 583.667
574.125 583.427
574.25 583.077
574.375 582.842
574.5 582.49
574.625 582.093
574.75 581.624
574.875 580.853
575 579.798
575.125 578.58
575.25 577.295
575.375 576.099
575.5 575.072
575.625 574.305
575.75 574.108
575.875 574.395
576 574.9
576.125 575.405
576.25 575.905
576.375 576.391
576.5 576.959
576.625 577.447
576.75 577.822
576.875 578.191
577 578.529
577.125 578.827
577.25 579.172
577.375 579.65
577.5 580.027
577.625 579.867
577.75 578.705
577.875 576.735
578 574.504
578.125 572.249
578.25 570.002
578.375 567.825
578.5 565.716
578.625 564.232
578.75 564.246
578.875 565.397
579 566.895
579.125 568.433
579.25 569.968
579.375 571.511
579.5 573.064
579.625 574.412
579.75 575.307
579.875 575.89
580 576.393
580.125 576.886
580.25 577.365
580.375 577.811
580.5 578.256
580.625 578.76
580.75 579.35
580.875 579.977
581 580.595
581.125 581.2
581.25 581.788
581.375 582.367
581.5 582.965
581.625 583.599
581.75 584.297
581.875 585.039
582 585.787
582.125 586.51
582.25 587.223
582.375 587.958
582.5 588.673
582.625 589.16
582.75 589.169
582.875 588.857
583 588.453
583.125 588.029
583.25 587.591
583.375 587.15
583.5 586.761
583.625 586.464
583.75 586.368
583.875 586.442
584 586.596
584.125 586.744
584.25 586.887
584.375 587.03
584.5 587.105
584.625 586.771
584.75 585.406
584.875 583.252
585 580.836
585.125 578.388
585.25 576.07
585.375 573.699
585.5 571.341
585.625 569.751
585.75 569.709
585.875 570.733
586 572.037
586.125 573.713
586.25 580.493
586.375 621.979
586.5 695.683
586.625 739.773
586.75 769.354
586.875 718.177
587 638.517
587.125 611.613
587.25 620.264
587.375 607.192
587.5 597.821
587.625 588.998
587.75 582.127
587.875 578.515
588 574.583
588.125 570.761
588.25 567.34
588.375 564.556
588.5 563.849
588.625 591.305
588.75 821.752
588.875 1744.13
589 2545.69
589.125 1494.62
589.25 661.686
589.375 651.557
589.5 1175.02
589.625 1680.18
589.75 1087.01
589.875 600.83
590 539.134
590.125 545.404
590.25 564.419
590.375 587.922
590.5 609.17
590.625 634.308
590.75 602.762
590.875 574.704
591 570.415
591.125 569.996
591.25 582.049
591.375 674.465
591.5 779.877
591.625 673.25
591.75 579.267
591.875 564.463
592 565.04
592.125 567.836
592.25 573.702
592.375 615.843
592.5 667.039
592.625 620.588
592.75 577.993
592.875 571.684
593 588.057
593.125 707.371
593.25 843.315
593.375 706.382
593.5 586.545
593.625 569.304
593.75 568.018
593.875 567.048
594 564.381
594.125 561.004
594.25 560.79
594.375 567.227
594.5 603.823
594.625 645.115
594.75 602.376
594.875 565.458
595 561.742
595.125 581.647
595.25 718.347
595.375 873.462
595.5 718.16
595.625 582.295
595.75 563.265
595.875 563.264
596 565.116
596.125 566.436
596.25 567.168
596.375 567.972
596.5 568.118
596.625 567.422
596.75 570.231
596.875 597.559
597 629.444
597.125 597.323
597.25 569.159
597.375 564.623
597.5 571.069
597.625 627.71
597.75 692.795
597.875 626.686
598 568.491
598.125 559.724
598.25 558.79
598.375 557.897
598.5 556.997
598.625 556.574
598.75 556.273
598.875 556.345
599 556.932
599.125 557.344
599.25 557.878
599.375 558.692
599.5 561.553
599.625 578.6
599.75 597.367
599.875 577.367
600 559.723
600.125 560.955
600.25 591.471
600.375 626.549
600.5 589.819
600.625 557.771
600.75 553.125
600.875 553.004
601 553.2
601.125 553.379
601.25 553.553
601.375 553.713
601.5 553.721
601.625 553.608
601.75 553.272
601.875 552.507
602 551.606
602.125 550.659
602.25 549.668
602.375 548.676
602.5 547.844
602.625 549.104
602.75 561.967
602.875 577.604
603 566.044
603.125 558.194
603.25 573.389
603.375 592.301
603.5 577.696
603.625 564.78
603.75 563.54
603.875 563.465
604 563.192
604.125 562.899
604.25 562.603
604.375 562.302
604.5 562.004
604.625 561.691
604.75 561.348
604.875 560.986
605 560.631
605.125 560.285
605.25 559.939
605.375 559.588
605.5 559.23
605.625 558.912
605.75 558.706
605.875 558.602
606 558.533
606.125 558.468
606.25 558.401
606.375 558.366
606.5 559.47
606.625 567.944
606.75 577.673
606.875 567.908
607 559.369
607.125 558.187
607.25 558.147
607.375 558.143
607.5 558.13
607.625 558.051
607.75 557.815
607.875 557.442
608 557.004
608.125 556.537
608.25 556.079
608.375 555.623
608.5 555.163
608.625 554.776
608.75 554.58
608.875 554.55
609 554.579
609.125 554.614
609.25 554.644
609.375 554.67
609.5 554.67
609.625 554.486
609.75 554.637
609.875 559.796
610 565.74
610.125 557.66
610.25 553.228
610.375 557.109
610.5 556.014
610.625 549.119
610.75 546.028
610.875 546.656
611 547.955
611.125 549.295
611.25 550.636
611.375 551.976
611.5 553.264
611.625 554.126
611.75 553.971
611.875 552.972
612 551.699
612.125 550.395
612.25 549.089
612.375 547.783
612.5 546.486
612.625 545.283
612.75 544.31
612.875 543.526
613 542.8
613.125 542.075
613.25 541.389
613.375 541.993
613.5 550.884
613.625 562.29
613.75 560.317
613.875 578.087
614 593.408
614.125 566.711
614.25 556.587
614.375 585.253
614.5 605.488
614.625 573.313
614.75 549.573
614.875 547.636
615 556.417
615.125 566.556
615.25 556.376
615.375 548.22
615.5 552.492
615.625 559.049
615.75 557.014
615.875 555.607
616 544.461
616.125 534.915
616.25 530.738
616.375 527.392
616.5 524.194
616.625 522.065
616.75 523.67
616.875 541.82
617 612.914
617.125 675.177
617.25 602.825
617.375 548.512
617.5 565.614
617.625 593.478
617.75 569.547
617.875 548
618 545.485
618.125 547.486
618.25 559.625
618.375 573.438
618.5 560.593
618.625 549.235
618.75 547.5
618.875 547.056
619 548.925
619.125 565.994
619.25 585.577
619.375 564.811
619.5 546.591
619.625 543.799
619.75 543.911
619.875 544.801
620 553.514
620.125 611.628
620.25 677.929
620.375 613.204
620.5 556.624
620.625 549.073
620.75 548.338
620.875 547.229
621 548.709
621.125 568.301
621.25 590.899
621.375 565.384
621.5 542.916
621.625 538.927
621.75 538.859
621.875 548.402
622 615.069
622.125 691.201
622.25 616.364
622.375 550.967
622.5 542.439
622.625 542.399
622.75 541.784
622.875 540.458
623 539.237
623.125 547.786
623.25 619.911
623.375 723.234
623.5 798.946
623.625 953.332
623.75 832.773
623.875 653.909
624 645.732
624.125 643.359
624.25 640.567
624.375 679.243
624.5 603.786
624.625 556.88
624.75 567.701
624.875 546.291
625 527.665
625.125 524.38
625.25 523.481
625.375 523.645
625.5 554.149
625.625 780.736
625.75 1047.27
625.875 801.066
626 581.023
626.125 567.54
626.25 577.303
626.375 633.757
626.5 712.416
626.625 626.695
626.75 569.926
626.875 582.329
627 559.092
627.125 538.913
627.25 535.947
627.375 535.786
627.5 537.504
627.625 558.022
627.75 579.621
627.875 544.082
628 520.601
628.125 522.15
628.25 524.311
628.375 529.342
628.5 557.101
628.625 732.031
628.75 933.799
628.875 742.851
629 568.116
629.125 532.949
629.25 523.665
629.375 526.126
629.5 542.702
629.625 642.821
629.75 1308.65
629.875 5482.5
630 10306.3
630.125 5444.15
630.25 1151.18
630.375 544.274
630.5 557.21
630.625 805.885
630.75 1099.81
630.875 817.372
631 558.123
631.125 519.513
631.25 518.776
631.375 518.063
631.5 518.076
631.625 519.259
631.75 520.012
631.875 529.256
632 599.292
632.125 680.333
632.25 600.785
632.375 530.506
632.5 521.207
632.625 522.864
632.75 560.389
632.875 829.017
633 1136.25
633.125 829.547
633.25 560.974
633.375 523.84
633.5 522.772
633.625 522.974
633.75 523.171
633.875 523.281
634 523.551
634.125 525.7
634.25 530.075
634.375 530.542
634.5 526.56
634.625 530.775
634.75 578.5
634.875 633.679
635 578.846
635.125 530.717
635.25 524.766
635.375 541.802
635.5 665.733
635.625 807.402
635.75 665.632
635.875 542.05
636 534.406
636.125 734.643
636.25 2155.49
636.375 3780.27
636.5 2151.82
636.625 727.293
636.75 530.061
636.875 523.62
637 523.489
637.125 523.384
637.25 523.427
637.375 523.47
637.5 523.6
637.625 528.062
637.75 560.379
637.875 597.302
638 560.241
638.125 527.769
638.25 523.452
638.375 531.867
638.5 594.054
638.625 665.12
638.75 593.949
638.875 531.634
639 522.921
639.125 522.511
639.25 522.178
639.375 521.654
639.5 521.055
639.625 520.437
639.75 519.802
639.875 519.195
640 518.588
640.125 517.985
640.25 517.371
640.375 516.75
640.5 516.141
640.625 515.519
640.75 514.83
640.875 514.144
641 513.705
641.125 516.938
641.25 543.295
641.375 573.656
641.5 543.301
641.625 516.891
641.75 517.593
641.875 548.74
642 584.456
642.125 548.969
642.25 517.928
642.375 513.942
642.5 515.807
642.625 518.21
642.75 516.156
642.875 514.308
643 514.108
643.125 514.166
643.25 514.197
643.375 514.355
643.5 514.492
643.625 514.669
643.75 514.791
643.875 514.803
644 514.827
644.125 514.952
644.25 515.032
644.375 515.036
644.5 515.129
644.625 515.225
644.75 515.269
644.875 515.488
645 516.819
645.125 525.623
645.25 535.439
645.375 525.077
645.5 518.503
645.625 527.007
645.75 540.915
645.875 539.65
646 522.781
646.125 522.136
646.25 583.834
646.375 674.012
646.5 704.968
646.625 746.8
646.75 636.932
646.875 580.116
647 695.993
647.125 773.013
647.25 626.057
647.375 520.096
647.5 508.77
647.625 542.147
647.75 582.328
647.875 542.513
648 506.866
648.125 502.287
648.25 500.985
648.375 498.504
648.5 498.629
648.625 498.935
648.75 498.644
648.875 498.27
649 497.216
649.125 495.553
649.25 497.156
649.375 502.864
649.5 510.769
649.625 575.164
649.75 877.638
649.875 1156.61
650 833.978
650.125 564.751
650.25 544.53
650.375 624.833
650.5 723.193
650.625 614.469
650.75 520.168
650.875 507.535
651 508.431
651.125 512.405
651.25 536.691
651.375 564.016
651.5 533.322
651.625 507.061
651.75 505.588
651.875 507.608
652 516.421
652.125 576.443
652.25 643.93
652.375 575.282
652.5 516.682
652.625 509.032
652.75 508.789
652.875 509.696
653 540.63
653.125 765.535
653.25 1022
653.375 763.26
653.5 537.142
653.625 505.198
653.75 503.946
653.875 506.413
654 512.798
654.125 524.549
654.25 600.774
654.375 693.556
654.5 601.173
654.625 521.682
654.75 501.028
654.875 493.267
655 493.782
655.125 529.212
655.25 780.732
655.375 1065.22
655.5 774.726
655.625 521.372
655.75 484.459
655.875 482.708
656 485.728
656.125 535.615
656.25 594.476
656.375 529.679
656.5 474.25
656.625 474.73
656.75 542.083
656.875 619.489
657 537.275
657.125 465.462
657.25 455.591
657.375 458.174
657.5 492.587
657.625 728.226
657.75 997.499
657.875 739.613
658 515.351
658.125 481.716
658.25 488.919
658.375 506.845
658.5 504.384
658.625 491.46
658.75 488.103
658.875 490.412
659 493.17
659.125 495.473
659.25 497.012
659.375 503.594
659.5 547.368
659.625 597.304
659.75 548.112
659.875 505.03
660 499.949
660.125 514.059
660.25 614.319
660.375 728.995
660.5 615.203
660.625 515.724
660.75 502.336
660.875 502.259
661 502.56
661.125 502.751
661.25 502.759
661.375 502.708
661.5 502.539
661.625 502.309
661.75 502.272
661.875 503.513
662 504.957
662.125 503.002
662.25 501.286
662.375 500.977
662.5 503.986
662.625 527.335
662.75 554.105
662.875 526.871
663 503.145
663.125 502.889
663.25 528.025
663.375 574.327
663.5 572.196
663.625 526.354
663.75 502.813
663.875 499.962
664 499.954
664.125 499.991
664.25 500.021
664.375 500.169
664.5 500.343
664.625 500.456
664.75 500.544
664.875 501.003
665 503.912
665.125 507.1
665.25 503.649
665.375 500.429
665.5 499.559
665.625 499.06
665.75 498.655
665.875 500.896
666 520.288
666.125 542.666
666.25 519.612
666.375 499.146
666.5 498.178
666.625 515.185
666.75 534.809
666.875 514.219
667 496.133
667.125 493.275
667.25 493.015
667.375 493.038
667.5 493.113
667.625 493.191
667.75 493.28
667.875 493.372
668 493.459
668.125 493.537
668.25 493.6
668.375 493.669
668.5 493.77
668.625 493.864
668.75 493.943
668.875 494.024
669 494.096
669.125 494.071
669.25 493.801
669.375 493.308
669.5 492.782
669.625 493.364
669.75 501.383
669.875 512.855
670 505.937
670.125 495.024
670.25 497.719
670.375 508.682
670.5 506.138
670.625 494.721
670.75 489.764
670.875 488.8
671 489.211
671.125 488.071
671.25 487.82
671.375 490.849
671.5 492.053
671.625 489.69
671.75 488.468
671.875 488.722
672 490.211
672.125 493.967
672.25 492.989
672.375 490.63
672.5 487.092
672.625 485.222
672.75 485.98
672.875 488.399
673 489.142
673.125 486.545
673.25 484.79
673.375 484.348
673.5 484.071
673.625 483.84
673.75 485.104
673.875 496.099
674 510.341
674.125 501.798
674.25 495.685
674.375 499.025
674.5 496.159
674.625 488.827
674.75 486.404
674.875 483.328
675 481.074
675.125 480.591
675.25 480.433
675.375 480.328
675.5 480.247
675.625 480.174
675.75 480.095
675.875 480.012
676 479.938
676.125 479.864
676.25 479.782
676.375 479.701
676.5 479.632
676.625 479.67
676.75 480.418
676.875 481.291
677 480.264
677.125 479.333
677.25 479.072
677.375 478.887
677.5 478.687
677.625 478.478
677.75 478.272
677.875 478.071
678 477.893
678.125 478.549
678.25 484.603
678.375 491.575
678.5 484.914
678.625 483.953
678.75 492.64
678.875 491.463
679 481.613
679.125 476.613
679.25 475.841
679.375 475.668
679.5 475.52
679.625 475.366
679.75 475.218
679.875 475.071
680 474.936
680.125 475.132
680.25 477.293
680.375 479.734
680.5 476.952
680.625 474.512
680.75 474.056
680.875 473.911
681 473.764
681.125 473.594
681.25 473.377
681.375 473.125
681.5 472.9
681.625 473.12
681.75 476.314
681.875 480.023
682 475.812
682.125 472.084
682.25 471.347
682.375 471.564
682.5 487.601
682.625 611.791
682.75 833.568
682.875 1039
683 1193.53
683.125 855.241
683.25 719.481
683.375 974.715
683.5 1111.38
683.625 759.948
683.75 511.331
683.875 496.043
684 531.897
684.125 587.081
684.25 657.432
684.375 559.604
684.5 476.663
684.625 464.856
684.75 464.942
684.875 471.865
685 488.304
685.125 492.668
685.25 475.041
685.375 464.164
685.5 462.923
685.625 463.048
685.75 463.181
685.875 463.644
686 476.75
686.125 636.229
686.25 1337.71
686.375 1966.14
686.5 1196.19
686.625 524.574
686.75 358.205
686.875 331.111
687 413.18
687.125 497.63
687.25 418.236
687.375 363.259
687.5 357.015
687.625 372.616
687.75 399.443
687.875 429.184
688 521.017
688.125 628.097
688.25 560.973
688.375 464.166
688.5 430.72
688.625 433.848
688.75 580.712
688.875 722.845
689 560.2
689.125 436.745
689.25 413.318
689.375 433.937
689.5 446.641
689.625 411.425
689.75 407.387
689.875 444.447
690 585.526
690.125 768.759
690.25 620.7
690.375 458.514
690.5 424.436
690.625 439.919
690.75 439.411
690.875 422.339
691 458.841
691.125 662.085
691.25 862.686
691.375 632.607
691.5 464.762
691.625 450.703
691.75 438.973
691.875 431.843
692 452.408
692.125 516.803
692.25 867.429
692.375 1276.08
692.5 881.266
692.625 521.687
692.75 470.244
692.875 461.116
693 451.578
693.125 451.692
693.25 452.381
693.375 448.242
693.5 447.147
693.625 456.176
693.75 487.066
693.875 647.107
694 829.204
694.125 651.247
694.25 486.696
694.375 455.029
694.5 454.366
694.625 514.692
694.75 965.283
694.875 1489.59
695 986.889
695.125 550.349
695.25 475.441
695.375 461.364
695.5 465.894
695.625 468.05
695.75 473.126
695.875 468.24
696 459.724
696.125 460.439
696.25 460.819
696.375 460.952
696.5 470.879
696.625 479.7
696.75 479.978
696.875 587.293
697 721.954
697.125 587.712
697.25 472.844
697.375 455.701
697.5 458.659
697.625 492.626
697.75 734.625
697.875 1018.26
698 737.89
698.125 489.705
698.25 460.637
698.375 461.628
698.5 458.884
698.625 463.63
698.75 462.694
698.875 453.888
699 451.865
699.125 455.269
699.25 449.999
699.375 447.516
699.5 458.74
699.625 471.957
699.75 470.51
699.875 457.12
700 458.911
700.125 470.45
700.25 534.31
700.375 603.103
700.5 520.648
700.625 450.735
700.75 441.041
700.875 456.35
701 573.515
701.125 708.211
701.25 573.602
701.375 455.015
701.5 435.927
701.625 432.948
701.75 435.638
701.875 437.759
702 437.908
702.125 437.803
702.25 436.767
702.375 435.565
702.5 436.394
702.625 434.899
702.75 433.528
702.875 442.585
703 451.994
703.125 446.028
703.25 440.624
703.375 440.253
703.5 440.426
703.625 439.52
703.75 438.259
703.875 444.315
704 488.231
704.125 540.527
704.25 493.324
704.375 457.26
704.5 473.714
704.625 531.723
704.75 611.501
704.875 604.782
705 539.55
705.125 495.23
705.25 480.537
705.375 477.991
705.5 474.287
705.625 466.802
705.75 452.675
705.875 449.888
706 460.795
706.125 474.991
706.25 485.003
706.375 477.184
706.5 466.443
706.625 482.335
706.75 492.888
706.875 487.718
707 495.201
707.125 469.104
707.25 457.406
707.375 475.171
707.5 477.727
707.625 464.865
707.75 469.71
707.875 469.793
708 457.618
708.125 486.734
708.25 530.019
708.375 486.494
708.5 454.17
708.625 465.358
708.75 504.238
708.875 548.452
709 515.536
709.125 475.73
709.25 458.292
709.375 445.427
709.5 440.666
709.625 443.422
709.75 447.454
709.875 445.871
710 447.016
710.125 447.175
710.25 445.449
710.375 448.014
710.5 447.841
710.625 446.072
710.75 450.274
710.875 450.543
711 444.82
711.125 445.809
711.25 450.538
711.375 445.673
711.5 443.633
711.625 447.273
711.75 446.134
711.875 441.339
712 439.846
712.125 442.536
712.25 445.558
712.375 442.865
712.5 446.592
712.625 473.946
712.75 502.332
712.875 479.147
713 453.409
713.125 465.687
713.25 493.897
713.375 487.073
713.5 455.247
713.625 439.523
713.75 437.051
713.875 438.074
714 446.088
714.125 470.953
714.25 500.55
714.375 510.39
714.5 507.768
714.625 497.82
714.75 478.927
714.875 469.655
715 464.072
715.125 455.188
715.25 446.91
715.375 440.173
715.5 441.435
715.625 447.547
715.75 454.36
715.875 466.388
716 463.974
716.125 468.183
716.25 466.856
716.375 457.648
716.5 468.24
716.625 464.193
716.75 445.783
716.875 456.585
717 457.18
717.125 435.368
717.25 424.792
717.375 440.454
717.5 469.298
717.625 471.012
717.75 443.233
717.875 450.215
718 460.775
718.125 473.449
718.25 458.991
718.375 428.07
718.5 394.301
718.625 383.017
718.75 397.954
718.875 426.112
719 420.085
719.125 399.218
719.25 400.673
719.375 405.642
719.5 416.331
719.625 419.18
719.75 416.806
719.875 419.608
720 418.626
720.125 422.561
720.25 423.426
720.375 410.728
720.5 406.144
720.625 410.748
720.75 430.826
720.875 430.603
721 422.035
721.125 423.945
721.25 428.01
721.375 429.265
721.5 426.941
721.625 423.825
721.75 426.121
721.875 430.315
722 439.647
722.125 453.27
722.25 452.472
722.375 446.309
722.5 447.563
722.625 438.299
722.75 441.101
722.875 467.751
723 468.811
723.125 442.385
723.25 450.166
723.375 479.767
723.5 440.572
723.625 472.774
723.75 891.384
723.875 1812.55
724 2270.75
724.125 1748.44
724.25 1114.86
724.375 1479.34
724.5 2382.63
724.625 1652.2
724.75 735.281
724.875 489.946
725 465.747
725.125 480.911
725.25 654.623
725.375 907.429
725.5 778.279
725.625 608.392
725.75 498.223
725.875 456.933
726 455.482
726.125 448.558
726.25 453.297
726.375 448.866
726.5 434.092
726.625 473.4
726.75 537.098
726.875 539.349
727 492.051
727.125 456.436
727.25 459.875
727.375 826.014
727.5 2372.81
727.625 3687.74
727.75 1980.98
727.875 640.579
728 519.873
728.125 577.965
728.25 577.752
728.375 1068.52
728.5 1725.01
728.625 1142
728.75 543.387
728.875 444.223
729 473.079
729.125 500.271
729.25 491.221
729.375 471.428
729.5 617.803
729.625 812.262
729.75 622.303
729.875 451.395
730 425.817
730.125 470.893
730.25 797.666
730.375 1175.34
730.5 817.124
730.625 521.925
730.75 485.7
730.875 453.845
731 483.789
731.125 546.834
731.25 492.783
731.375 601.968
731.5 1762.09
731.625 3095.24
731.75 1755.54
731.875 586.704
732 432.24
732.125 430.797
732.25 431.126
732.375 430.379
732.5 432.973
732.625 496.085
732.75 956.811
732.875 1501.51
733 1008.37
733.125 557.318
733.25 476.089
733.375 442.441
733.5 429.334
733.625 430.694
733.75 438.275
733.875 633.319
734 2042.05
734.125 3652.34
734.25 2044.03
734.375 654.005
734.5 485.878
734.625 477.932
734.75 480.486
734.875 456.5
735 460.832
735.125 503.242
735.25 507.574
735.375 474.81
735.5 465.04
735.625 536.399
735.75 955.505
735.875 1441.49
736 957.18
736.125 517.285
736.25 454.454
736.375 466.271
736.5 481.455
736.625 559.254
736.75 1216.64
736.875 2491.78
737 2515.17
737.125 1227.58
737.25 559.088
737.375 507.561
737.5 477.044
737.625 447.307
737.75 445.07
737.875 448.23
738 442.353
738.125 438.728
738.25 449.548
738.375 454.494
738.5 439.714
738.625 434.15
738.75 443.558
738.875 460.539
739 512.673
739.125 810.036
739.25 1166.4
739.375 807.696
739.5 484.888
739.625 429.955
739.75 428.271
739.875 482.76
740 874.368
740.125 1583.57
740.25 1543.7
740.375 833.802
740.5 469.575
740.625 423.954
740.75 422.28
740.875 422.61
741 429.216
741.125 460.225
741.25 494.587
741.375 471.866
741.5 449.585
741.625 461.767
741.75 458.702
741.875 436.794
742 428.982
742.125 449.171
742.25 474.039
742.375 450.104
742.5 429.006
742.625 428.588
742.75 489.587
742.875 926.344
743 1425.29
743.125 927.188
743.25 491.258
743.375 430.94
743.5 430.539
743.625 480.72
743.75 844.261
743.875 1263.79
744 854.639
744.125 488.839
744.25 440.927
744.375 441.553
744.5 434.418
744.625 432.079
744.75 434.415
744.875 431.951
745 434.007
745.125 439.055
745.25 433.593
745.375 428.868
745.5 428.348
745.625 430.306
745.75 443.841
745.875 461.137
746 464.778
746.125 512.228
746.25 561.894
746.375 548.225
746.5 625.993
746.625 713.491
746.75 571.197
746.875 494.56
747 662.347
747.125 895.542
747.25 893.77
747.375 948.686
747.5 683.929
747.625 491.376
747.75 571.281
747.875 844.222
748 935.51
748.125 683.051
748.25 774.743
748.375 1064.61
748.5 756.092
748.625 489.834
748.75 452.538
748.875 456.169
749 441.677
749.125 443.585
749.25 542.904
749.375 658.288
749.5 542.688
749.625 441.588
749.75 429.066
749.875 439.649
750 452.774
750.125 443.856
750.25 437.072
750.375 431.148
750.5 427.252
750.625 426.688
750.75 426.632
750.875 426.589
751 426.551
751.125 426.523
751.25 426.515
751.375 426.868
751.5 437.583
751.625 514.896
751.75 603.544
751.875 517.848
752 459.071
752.125 647.442
752.25 1560.21
752.375 2432.69
752.5 1487.85
752.625 617.413
752.75 473.519
752.875 512.439
753 821.713
753.125 1186.67
753.25 805.82
753.375 475.088
753.5 435.498
753.625 449.284
753.75 463.426
753.875 514.794
754 583.391
754.125 508.811
754.25 439.446
754.375 428.815
754.5 435.67
754.625 445.326
754.75 438.819
754.875 432.4
755 434.086
755.125 441.792
755.25 458.365
755.375 457.314
755.5 463.858
755.625 637.833
755.75 851.838
755.875 655.61
756 478.84
756.125 450.535
756.25 441.301
756.375 439.862
756.5 440.4
756.625 488.697
756.75 551.695
756.875 572.731
757 1113.45
757.125 1790.7
757.25 1156.96
757.375 644.486
757.5 556.168
757.625 472.617
757.75 431.668
757.875 426.556
758 426.341
758.125 426.285
758.25 427.188
758.375 457.374
758.5 675.92
758.625 925.656
758.75 675.555
758.875 456.575
759 425.657
759.125 420.095
759.25 387.607
759.375 305.452
759.5 222.086
759.625 220.219
759.75 475.784
759.875 750.23
760 431.923
760.125 172.631
760.25 124.631
760.375 113.993
760.5 125.261
760.625 128.029
760.75 138.086
760.875 164.354
761 195.259
761.125 226.63
761.25 220.458
761.375 246.39
761.5 288.257
761.625 502.165
761.75 776.832
761.875 606.179
762 399.493
762.125 358.772
762.25 390.329
762.375 307.419
762.5 280.724
762.625 338.69
762.75 570.727
762.875 877.666
763 603.099
763.125 288.634
763.25 256.871
763.375 293.414
763.5 230.586
763.625 229.396
763.75 330.929
763.875 332.183
764 256.621
764.125 298.889
764.25 346.214
764.375 291.156
764.5 270.735
764.625 344.121
764.75 360.484
764.875 292.895
765 291.5
765.125 384.532
765.25 499.973
765.375 552.586
765.5 423.971
765.625 389.201
765.75 399.517
765.875 352.053
766 349.42
766.125 614.214
766.25 901.274
766.375 638.007
766.5 378.108
766.625 349.2
766.75 390.614
766.875 402.019
767 375.939
767.125 374.036
767.25 418.96
767.375 427.074
767.5 407.808
767.625 384.378
767.75 384.321
767.875 410.421
768 444.967
768.125 482.344
768.25 491.748
768.375 499.886
768.5 522.535
768.625 563.643
768.75 541.075
768.875 478.36
769 472.504
769.125 567.058
769.25 664.147
769.375 560.507
769.5 471.994
769.625 468.111
769.75 527.546
769.875 663.651
770 708.393
770.125 563.115
770.25 468.752
770.375 449.65
770.5 437.118
770.625 431.454
770.75 431.006
770.875 436.78
771 614.394
771.125 1886.5
771.25 3380.79
771.375 2234.13
771.5 1659.77
771.625 2748.52
771.75 3639.17
771.875 1917.69
772 643.063
772.125 496.61
772.25 667.528
772.375 931.893
772.5 1024.38
772.625 1158.11
772.75 798.596
772.875 514.722
773 475.89
773.125 468.751
773.25 517.96
773.375 610.328
773.5 656.096
773.625 627.959
773.75 533.038
773.875 509.887
774 516.777
774.125 499.103
774.25 472.093
774.375 482.772
774.5 512.986
774.625 497.018
774.75 497.06
774.875 970.673
775 3104.12
775.125 5013.34
775.25 2705.22
775.375 773.107
775.5 563.19
775.625 680.872
775.75 736.994
775.875 1464.96
776 2397.54
776.125 1425.73
776.25 575.023
776.375 453.365
776.5 450.738
776.625 453.449
776.75 490.115
776.875 528.475
777 489.626
777.125 535.942
777.25 894.357
777.375 1226.68
777.5 847.346
777.625 508.937
777.75 521.855
777.875 1025.14
778 1601.12
778.125 1045.71
778.25 553.968
778.375 511.204
778.5 544.018
778.625 532.317
778.75 501.482
778.875 497.609
779 577.293
779.125 887.141
779.25 2433.82
779.375 4224.58
779.5 2347.51
779.625 706.3
779.75 478.336
779.875 475.372
780 469.263
780.125 455.955
780.25 465.392
780.375 480.895
780.5 471.535
780.625 565.178
780.75 1226.89
780.875 1967.69
781 1228.69
781.125 589.355
781.25 505.574
781.375 515.817
781.5 545.56
781.625 540.801
781.75 531.603
781.875 845.489
782 2903.82
782.125 5250.23
782.25 2861.88
782.375 781.542
782.5 494.834
782.625 479.672
782.75 500.289
782.875 545.414
783 508.785
783.125 462.464
783.25 478.064
783.375 514.978
783.5 486.657
783.625 453.361
783.75 456.131
783.875 554.418
784 1160.92
784.125 1841.88
784.25 1140.42
784.375 534.855
784.5 456.886
784.625 462.322
784.75 540.328
784.875 802.647
785 992.096
785.125 1100.81
785.25 3088.96
785.375 5316.18
785.5 2871.8
785.625 956.149
785.75 892.542
785.875 818.466
786 1318.46
786.125 2073.17
786.25 1257.14
786.375 548.729
786.5 492.838
786.625 798.397
786.75 1155.94
786.875 918.545
787 1442.97
787.125 2354.72
787.25 1411.58
787.375 590.416
787.5 464.29
787.625 516.67
787.75 1004.45
787.875 1610.64
788 1413.48
788.125 1349.12
788.25 893.296
788.375 549.906
788.5 552.378
788.625 575.146
788.75 612.11
788.875 1055.52
789 1574.38
789.125 1058.75
789.25 618.274
789.375 570.599
789.5 539.637
789.625 503.174
789.75 526.675
789.875 529.994
790 481.902
790.125 477.384
790.25 514.335
790.375 506.231
790.5 485.886
790.625 492.891
790.75 502.975
790.875 495.343
791 568.767
791.125 1170.92
791.25 3863.75
791.375 6345.92
791.5 3328.17
791.625 837.14
791.75 564.27
791.875 822.655
792 1832.81
792.125 2947.58
792.25 1700.23
792.375 659.68
792.5 513.344
792.625 475.941
792.75 498.503
792.875 646.936
793 1298.84
793.125 2121.97
793.25 1504.58
793.375 748.661
793.5 528.281
793.625 474.988
793.75 476.815
793.875 490.349
794 488.187
794.125 500.086
794.25 529.325
794.375 560.653
794.5 597.162
794.625 652.232
794.75 1159.97
794.875 1792.12
795 1119.95
795.125 556.884
795.25 503.892
795.375 473.907
795.5 450.208
795.625 447.137
795.75 446.278
795.875 444.774
796 445.826
796.125 464.16
796.25 760.986
796.375 2766.6
796.5 5052.11
796.625 2862
796.75 1052.97
796.875 768.935
797 579.479
797.125 487.659
797.25 483.825
797.375 488.577
797.5 514.573
797.625 765.461
797.75 1156.48
797.875 1546.46
798 2073.87
798.125 1244.99
798.25 550.01
798.375 453.856
798.5 460.188
798.625 496.421
798.75 534.196
798.875 522.407
799 525.62
799.125 815.144
799.25 2929.29
799.375 5377.65
799.5 2951.73
799.625 839.787
799.75 568.156
799.875 529.691
800 490.744
800.125 481.606
800.25 503.45
800.375 505.554
800.5 485.098
800.625 470.074
800.75 462.895
800.875 468.417
801 473.98
801.125 561.167
801.25 1109.35
801.375 1733.69
801.5 1137.44
801.625 591.454
801.75 509.4
801.875 613.732
802 718.111
802.125 580.811
802.25 493.484
802.375 736.381
802.5 2357.58
802.625 4189.5
802.75 2469.63
802.875 1034
803 702.463
803.125 592.661
803.25 519.273
803.375 491.485
803.5 491.366
803.625 472.963
803.75 459.172
803.875 463.696
804 486.875
804.125 503.795
804.25 485.028
804.375 464.464
804.5 464.055
804.625 464.348
804.75 465.163
804.875 514.172
805 621.782
805.125 922.375
805.25 1281.85
805.375 869.241
805.5 516.811
805.625 467.103
805.75 470.283
805.875 476.628
806 567.293
806.125 1292.82
806.25 2133.47
806.375 1305.45
806.5 580.053
806.625 493.018
806.75 484.072
806.875 465.25
807 456.781
807.125 456.72
807.25 460.727
807.375 484.092
807.5 516.252
807.625 534.225
807.75 562.136
807.875 507.174
808 461.901
808.125 455.94
808.25 465.188
808.375 533.691
808.5 616.656
808.625 545.859
808.75 471.224
808.875 455.344
809 454.198
809.125 476.143
809.25 636.262
809.375 833.451
809.5 673.127
809.625 495.948
809.75 458.897
809.875 461.911
810 515.313
810.125 849.541
810.25 1225.08
810.375 860.533
810.5 544.996
810.625 491.739
810.75 480.437
810.875 477.943
811 479.406
811.125 475.139
811.25 465.053
811.375 461.35
811.5 461.067
811.625 461
811.75 460.562
811.875 462.715
812 466.868
812.125 466.159
812.25 473.143
812.375 477.687
812.5 474.292
812.625 485.825
812.75 491.28
812.875 472.975
813 470.883
813.125 496.931
813.25 495.703
813.375 474.551
813.5 490.426
813.625 508.117
813.75 567.327
813.875 667.183
814 605.981
814.125 502.117
814.25 464.228
814.375 469.731
814.5 573.967
814.625 746.245
814.75 708.373
814.875 531.096
815 457.159
815.125 460.784
815.25 460.467
815.375 450.829
815.5 440.505
815.625 445.107
815.75 446.027
815.875 451.972
816 448.144
816.125 424.882
816.25 416.939
816.375 424.326
816.5 425.055
816.625 445.549
816.75 451.798
816.875 431.236
817 422.879
817.125 446.654
817.25 461.948
817.375 462.697
817.5 456.141
817.625 433.648
817.75 407.345
817.875 418.219
818 440.954
818.125 443.406
818.25 446.025
818.375 453.969
818.5 452.024
818.625 449.823
818.75 496.685
818.875 547.097
819 498.592
819.125 454.246
819.25 443.901
819.375 485.179
819.5 566.205
819.625 550.284
819.75 464.164
819.875 439.229
820 443.555
820.125 448.833
820.25 458.925
820.375 470.761
820.5 485.591
820.625 499.167
820.75 511.725
820.875 501.866
821 483.661
821.125 468.51
821.25 470.878
821.375 494.694
821.5 498.289
821.625 475.159
821.75 457.473
821.875 455.439
822 458.634
822.125 457.357
822.25 456.862
822.375 453.208
822.5 449.806
822.625 427.303
822.75 390.087
822.875 383.303
823 403.251
823.125 414.188
823.25 436.579
823.375 446.669
823.5 456.385
823.625 462.276
823.75 462.312
823.875 467.062
824 489.814
824.125 531.456
824.25 520.92
824.375 470.862
824.5 466.596
824.625 505.64
824.75 561.54
824.875 554.175
825 500.977
825.125 472.836
825.25 469.512
825.375 493.92
825.5 511.414
825.625 472.712
825.75 461.59
825.875 465.617
826 462.215
826.125 467.983
826.25 469.497
826.375 466.094
826.5 470.854
826.625 476.106
826.75 481.65
826.875 486.945
827 481.341
827.125 473.772
827.25 464.197
827.375 455.024
827.5 470.607
827.625 569.486
827.75 1111.23
827.875 1867.05
828 2332.45
828.125 3117.05
828.25 1953.42
828.375 908.432
828.5 1014.96
828.625 1557.19
828.75 2581.98
828.875 3988.54
829 2360.51
829.125 787.156
829.25 492.592
829.375 542
829.5 1135.44
829.625 2056.88
829.75 3149.32
829.875 4580.18
830 2523.24
830.125 846.397
830.25 714.521
830.375 634.599
830.5 528.196
830.625 491.001
830.75 494.442
830.875 591.513
831 1219.23
831.125 1936.94
831.25 1203.71
831.375 568.074
831.5 484.431
831.625 513.505
831.75 589.66
831.875 611.099
832 537.917
832.125 467.91
832.25 466.849
832.375 478.863
832.5 480.112
832.625 478.911
832.75 477.654
832.875 473.289
833 469.234
833.125 472.803
833.25 473.116
833.375 471.525
833.5 478.388
833.625 518.898
833.75 591.459
833.875 596.765
834 599.472
834.125 1104.87
834.25 2330.18
834.375 6298.58
834.5 10994
834.625 5704.87
834.75 1155.58
834.875 670.84
835 1029.36
835.125 2422.38
835.25 4054.8
835.375 2260.13
835.5 716.724
835.625 511.736
835.75 496.531
835.875 532.808
836 676.935
836.125 807.476
836.25 774.036
836.375 1156.25
836.5 1739.75
836.625 1167.33
836.75 614.05
836.875 511.612
837 506.69
837.125 503.932
837.25 502.868
837.375 496.397
837.5 507.904
837.625 526.596
837.75 519.029
837.875 592.346
838 899.578
838.125 1989.04
838.25 3073.44
838.375 1744.14
838.5 646.704
838.625 507.998
838.75 520.726
838.875 539.177
839 590.265
839.125 595.677
839.25 533.489
839.375 503.738
839.5 524.263
839.625 1042.1
839.75 4823.96
839.875 9167.88
840 4860.42
840.125 1054.77
840.25 513.941
840.375 494.395
840.5 493.81
840.625 494.734
840.75 494.656
840.875 493.508
841 494.701
841.125 502.518
841.25 693.618
841.375 2068.93
841.5 3640.53
841.625 2068.51
841.75 692.517
841.875 501.845
842 498.66
842.125 516.531
842.25 561.601
842.375 591.158
842.5 588.309
842.625 648.429
842.75 1174.05
842.875 4745.57
843 8874.96
843.125 4712.15
843.25 1094.77
843.375 624.077
843.5 656.682
843.625 582.631
843.75 512.517
843.875 499.426
844 498.879
844.125 498.855
844.25 499.179
844.375 504.923
844.5 542.211
844.625 585.577
844.75 549.526
844.875 526.615
845 697.981
845.125 1924.83
845.25 3310
845.375 1927.11
845.5 698.692
845.625 520.538
845.75 509.284
845.875 515.92
846 543.757
846.125 576.015
846.25 992.886
846.375 4110.92
846.5 7695.62
846.625 4099.12
846.75 953.163
846.875 517.826
847 504.035
847.125 504.426
847.25 515.309
847.375 594.507
847.5 685.109
847.625 593.416
847.75 512.922
847.875 501.121
848 500.059
848.125 499.878
848.25 499.603
848.375 499.191
848.5 498.596
848.625 497.699
848.75 496.9
848.875 496.649
849 500.248
849.125 624.521
849.25 1526.99
849.375 2559.1
849.5 1534.39
849.625 675.987
849.75 601.694
849.875 553.128
850 546.095
850.125 621.878
850.25 860.587
850.375 2373.73
850.5 4112.44
850.625 2299.58
850.75 728.167
850.875 511.635
851 505.036
851.125 504.809
851.25 504.699
851.375 505.553
851.5 505.999
851.625 505.919
851.75 508.733
851.875 532.051
852 578.72
852.125 582.715
852.25 535.065
852.375 508.32
852.5 504.706
852.625 504.372
852.75 504.39
852.875 504.235
853 503.877
853.125 503.677
853.25 503.326
853.375 502.326
853.5 506.703
853.625 688.361
853.75 2008.33
853.875 3516.76
854 2009.5
854.125 715.099
854.25 563.471
854.375 525.211
854.5 498.901
854.625 577.126
854.75 1178.44
854.875 1865.96
855 1176.33
855.125 573.005
855.25 489.449
855.375 487.896
855.5 490.037
855.625 492.405
855.75 494.78
855.875 497.023
856 499.25
856.125 501.4
856.25 503.502
856.375 505.794
856.5 508.065
856.625 510.241
856.75 512.329
856.875 514.433
857 518.825
857.125 546.276
857.25 647.038
857.375 729.606
857.5 644.12
857.625 600.994
857.75 586.381
857.875 544.7
858 523.77
858.125 521.076
858.25 520.991
858.375 521.358
858.5 532.832
858.625 623.874
858.75 790.321
858.875 782.46
859 616.681
859.125 531.301
859.25 521.37
859.375 537.896
859.5 670.874
859.625 922.523
859.75 924.944
859.875 673.322
860 538.937
860.125 522.831
860.25 528.291
860.375 543.13
860.5 555.208
860.625 555.929
860.75 559.847
860.875 584.013
861 601.318
861.125 608.515
861.25 651.072
861.375 704.127
861.5 792.885
861.625 746.039
861.75 856.782
861.875 1044.03
862 1169.81
862.125 1317.77
862.25 1215.91
862.375 1113.55
862.5 1524.82
862.625 1830
862.75 1718.62
862.875 1363.26
863 1721.2
863.125 2082.37
863.25 1765.63
863.375 1365.67
863.5 1630.95
863.625 1495.99
863.75 1080.62
863.875 1041.06
864 891.242
864.125 837.94
864.25 701.454
864.375 563.804
864.5 570.951
864.625 883.65
864.75 1300.44
864.875 1403.27
865 1977.47
865.125 2026.39
865.25 1575.74
865.375 1652.7
865.5 1650.83
865.625 1905.68
865.75 1703.95
865.875 1740.49
866 1691.7
866.125 1934.7
866.25 1759.5
866.375 2250.63
866.5 2251.96
866.625 1247.84
866.75 1056.87
866.875 1469.42
867 1452.07
867.125 1567.58
867.25 1051.29
867.375 945.46
867.5 1539.3
867.625 1571.61
867.75 944.381
867.875 818.589
868 1221.56
868.125 1234.52
868.25 791.743
868.375 572.249
868.5 676.411
868.625 944.078
868.75 962.559
868.875 699.524
869 617.625
869.125 688.215
869.25 690.286
869.375 713.457
869.5 617.878
869.625 575.265
869.75 643.416
869.875 706.782
870 746.174
870.125 707.635
870.25 616.024
870.375 592.722
870.5 600.124
870.625 705.978
870.75 850.668
870.875 685.855
871 551.908
871.125 548.409
871.25 546.037
871.375 530.295
871.5 525.909
871.625 534.229
871.75 541.397
871.875 536.995
872 526.272
872.125 521.259
872.25 520.787
872.375 525.969
872.5 563.421
872.625 606.251
872.75 563.665
872.875 526.44
873 521.439
873.125 521.446
873.25 521.613
873.375 521.868
873.5 525.289
873.625 551.004
873.75 598.105
873.875 620.967
874 616.932
874.125 581.056
874.25 569.03
874.375 544.074
874.5 526.961
874.625 532.363
874.75 545.992
874.875 572.661
875 605.491
875.125 564.345
875.25 529.236
875.375 524.542
875.5 528.035
875.625 638.652
875.75 1485.51
875.875 3086.31
876 5087.87
876.125 6790.93
876.25 3597.81
876.375 1188.93
876.5 2065
876.625 5901.76
876.75 8129.68
876.875 4119.03
877 1156.43
877.125 617.6
877.25 541.999
877.375 738.254
877.5 2099.7
877.625 4001.84
877.75 5468.38
877.875 7571.75
878 3958.18
878.125 950.902
878.25 535.455
878.375 522.236
878.5 522.235
878.625 522.789
878.75 541.08
878.875 804.659
879 2153.51
879.125 3471.75
879.25 1958.39
879.375 701.438
879.5 528.976
879.625 523.603
879.75 523.708
879.875 524.454
880 530.383
880.125 544.016
880.25 547.632
880.375 533.589
880.5 525.453
880.625 536.406
880.75 635.364
880.875 848.548
881 889.903
881.125 671.181
881.25 540.964
881.375 524.296
881.5 523.767
881.625 523.702
881.75 523.504
881.875 523.07
882 522.873
882.125 526.987
882.25 647.587
882.375 1549.18
882.5 3583.93
882.625 10125.2
882.75 17869.4
882.875 9178.91
883 1857.11
883.125 1335.01
883.25 1708.16
883.375 1825.03
883.5 4324.23
883.625 7551.62
883.75 4116.9
883.875 1029.3
884 549.586
884.125 528.173
884.25 539.275
884.375 622.847
884.5 734.857
884.625 683.621
884.75 736.025
884.875 1640.31
885 2708.71
885.125 1616.95
885.25 668.95
885.375 543.772
885.5 532.869
885.625 526.402
885.75 526.407
885.875 540.046
886 621.911
886.125 777.657
886.25 815.334
886.375 713.232
886.5 892.638
886.625 3028.54
886.75 5518.79
886.875 3022.61
887 841.042
887.125 541.935
887.25 529.275
887.375 526.716
887.5 526.502
887.625 526.427
887.75 525.615
887.875 524.482
888 525.011
888.125 526.346
888.25 555.459
888.375 1409.84
888.5 7502.56
888.625 14439.3
888.75 7525.64
888.875 1532.65
889 693.817
889.125 580.562
889.25 541.725
889.375 598.744
889.5 700.465
889.625 696.068
889.75 632.597
889.875 571.547
890 833.462
890.125 2998.69
890.25 5848.94
890.375 3945.71
890.5 1346.38
890.625 636.673
890.75 639.211
890.875 774.249
891 749.029
891.125 603.924
891.25 537.067
891.375 542.206
891.5 564.954
891.625 589.707
891.75 1479.15
891.875 8075.34
892 15674.8
892.125 8209.95
892.25 1578.41
892.375 642.137
892.5 635.06
892.625 765.441
892.75 818.743
892.875 678.962
893 601.699
893.125 573.204
893.25 574.999
893.375 604.504
893.5 628.872
893.625 626.044
893.75 579.301
893.875 559.19
894 578.781
894.125 863.149
894.25 3021.33
894.375 5510.84
894.5 3021.07
894.625 837.318
894.75 538.364
894.875 525.078
895 522.51
895.125 517.691
895.25 511.671
895.375 519.491
895.5 922.416
895.625 4129.53
895.75 10030.3
895.875 9852.33
896 3993.51
896.125 921.119
896.25 518.8
896.375 512.521
896.5 518.113
896.625 513.201
896.75 533.019
896.875 580.822
897 685.29
897.125 763.469
897.25 636.495
897.375 549.986
897.5 541.593
897.625 557.835
897.75 594.913
897.875 593.626
898 646.919
898.125 748.459
898.25 706.303
898.375 601.306
898.5 632.828
898.625 888.419
898.75 2212.03
898.875 3772.06
899 2130.35
899.125 820.788
899.25 819.771
899.375 679.789
899.5 544.114
899.625 528.35
899.75 540.033
899.875 924.453
900 3878.85
900.125 7315.73
900.25 3907.36
900.375 901.192
900.5 508.12
900.625 499.419
900.75 486.461
900.875 500.293
901 507.951
901.125 494.41
901.25 494.854
901.375 508.859
901.5 489.598
901.625 449.433
901.75 470.027
901.875 518.443
902 601.295
902.125 665.906
902.25 562.812
902.375 506.849
902.5 494.782
902.625 495.509
902.75 572.669
902.875 631.98
903 605.156
903.125 567.603
903.25 539.093
903.375 529.719
903.5 632.904
903.625 1396.58
903.75 2268.44
903.875 1394.58
904 627.264
904.125 519.004
904.25 542.298
904.375 591.904
904.5 566.361
904.625 639.495
904.75 1482.78
904.875 3053.67
905 3008.58
905.125 1450.91
905.25 637.855
905.375 543.877
905.5 562.491
905.625 601.397
905.75 590.984
905.875 544.958
906 522.079
906.125 525.077
906.25 567.656
906.375 634.97
906.5 628.954
906.625 638.709
906.75 642.592
906.875 673.056
907 641.701
907.125 620.625
907.25 531.007
907.375 493.182
907.5 521.526
907.625 539.302
907.75 524.3
907.875 499.372
908 485.391
908.125 498.027
908.25 533.186
908.375 542
908.5 512.991
908.625 474.762
908.75 466.129
908.875 503.821
909 589.367
909.125 1021.42
909.25 1536.8
909.375 1092.24
909.5 626.772
909.625 554.662
909.75 561.669
909.875 528.771
910 529.033
910.125 955.175
910.25 1743.35
910.375 1722.77
910.5 940.918
910.625 537.643
910.75 488.679
910.875 505.954
911 527.019
911.125 529.042
911.25 525.697
911.375 524.784
911.5 520.021
911.625 504.226
911.75 473.083
911.875 460.275
912 497.082
912.125 523.248
912.25 525.689
912.375 521.05
912.5 520.066
912.625 519.251
912.75 507.044
912.875 482.766
913 464.307
913.125 483.734
913.25 529.833
913.375 562.409
913.5 524.01
913.625 491.436
913.75 497.63
913.875 528.552
914 549.328
914.125 535.848
914.25 524.756
914.375 523.484
914.5 524.392
914.625 539.448
914.75 557.189
914.875 561.291
915 740.832
915.125 1096.98
915.25 1064.17
915.375 724.08
915.5 570.318
915.625 578.691
915.75 697.548
915.875 745.185
916 1023.31
916.125 1423.95
916.25 969.294
916.375 575.771
916.5 525.475
916.625 519.46
916.75 507.53
916.875 510.478
917 518.296
917.125 512.085
917.25 486.734
917.375 461.493
917.5 474.387
917.625 499.821
917.75 506.564
917.875 512.965
918 520.477
918.125 520.372
918.25 516.852
918.375 500.164
918.5 489.886
918.625 509.966
918.75 525.13
918.875 526.597
919 523.048
919.125 518.033
919.25 513.001
919.375 507.574
919.5 491.978
919.625 496.977
919.75 516.491
919.875 529.866
920 538.453
920.125 532.958
920.25 528.072
920.375 530.823
920.5 532.532
920.625 522.559
920.75 524.457
920.875 543.522
921 547.629
921.125 530.476
921.25 519.002
921.375 545.226
921.5 724.35
921.625 979.217
921.75 865.313
921.875 624.719
922 536.025
922.125 555.301
922.25 793.448
922.375 1196.77
922.5 1120.05
922.625 729.552
922.75 547.144
922.875 520.228
923 516.268
923.125 517.753
923.25 518.763
923.375 517.912
923.5 513.36
923.625 514.797
923.75 511.517
923.875 508.907
924 516.187
924.125 521.85
924.25 519.727
924.375 514.496
924.5 505.899
924.625 506.512
924.75 519.564
924.875 523.901
925 516.194
925.125 509.899
925.25 517.192
925.375 521.963
925.5 523.907
925.625 526.771
925.75 525.902
925.875 518.124
926 509.675
926.125 511.983
926.25 517.719
926.375 524.549
926.5 527.853
926.625 527.228
926.75 527.118
926.875 525.322
927 525.008
927.125 522.087
927.25 514.924
927.375 515.743
927.5 519.528
927.625 518.391
927.75 499.4
927.875 471.127
928 480.63
928.125 509.171
928.25 517.939
928.375 504.547
928.5 481.306
928.625 487.853
928.75 505.604
928.875 508.955
929 506.025
929.125 501.412
929.25 503.369
929.375 491.813
929.5 476.146
929.625 479.827
929.75 468.984
929.875 469.03
930 454.084
930.125 449.618
930.25 469.395
930.375 611.494
930.5 1870.34
930.625 5012.01
930.75 6540.2
930.875 3771.22
931 1530.67
931.125 2512.48
931.25 6845.11
931.375 9585.66
931.5 4545.39
931.625 974.108
931.75 691.816
931.875 569.046
932 589.187
932.125 1750.31
932.25 6056.96
932.375 9304.97
932.5 4501.85
932.625 883.598
932.75 428.299
932.875 469.555
933 510.468
933.125 501.071
933.25 434.14
933.375 338.223
933.5 487.177
933.625 1650.67
933.75 2928.3
933.875 1627.83
934 540.258
934.125 377.521
934.25 249.205
934.375 188.305
934.5 250.625
934.625 361.136
934.75 458.869
934.875 501.755
935 501.553
935.125 471.611
935.25 370.162
935.375 272.01
935.5 322.071
935.625 362.579
935.75 281.553
935.875 289.609
936 409.335
936.125 472.155
936.25 486.097
936.375 446.5
936.5 361.024
936.625 347.81
936.75 398.665
936.875 379.624
937 307.93
937.125 399.722
937.25 1401.85
937.375 3692.3
937.5 11542.4
937.625 20726
937.75 10450.5
937.875 1641.1
938 429.707
938.125 645.037
938.25 1068.94
938.375 813.047
938.5 568.297
938.625 527.048
938.75 451.831
938.875 472.409
939 500.351
939.125 490.303
939.25 497
939.375 505.552
939.5 521.111
939.625 647.931
939.75 777.541
939.875 590.967
940 641.257
940.125 1954.44
940.25 3471.68
940.375 1977.95
940.5 670.176
940.625 489.819
940.75 470.484
940.875 425.804
941 387.882
941.125 429.637
941.25 474.585
941.375 490.091
941.5 544.724
941.625 570.356
941.75 738.115
941.875 2673.62
942 4959
942.125 3140.69
942.25 1697.58
942.375 975.032
942.5 509.132
942.625 343.562
942.75 268.579
942.875 295.886
943 366.543
943.125 425.885
943.25 483.996
943.375 511.186
943.5 505.937
943.625 474.396
943.75 1226.56
943.875 7249.32
944 14104.9
944.125 7194.73
944.25 1210.18
944.375 409.496
944.5 443.78
944.625 601.143
944.75 780.782
944.875 624.964
945 485.329
945.125 491.281
945.25 477.748
945.375 412.023
945.5 369.826
945.625 730.09
945.75 3353.15
945.875 6256.42
946 3232.07
946.125 678.461
946.25 441.198
946.375 478.718
946.5 468.885
946.625 474.059
946.75 445.01
946.875 398.435
947 415.645
947.125 482.787
947.25 516.982
947.375 804.411
947.5 3582.36
947.625 9957.29
947.75 11577.5
947.875 5000.04
948 871.589
948.125 305.857
948.25 362.677
948.375 460.101
948.5 490.835
948.625 480.31
948.75 484.685
948.875 506.088
949 510.518
949.125 496.016
949.25 426.685
949.375 331.443
949.5 364.916
949.625 416.744
949.75 403.421
949.875 410.379
950 639.424
950.125 2766.29
950.25 5368.87
950.375 2972.93
950.5 807.484
950.625 510.405
950.75 512.168
950.875 514.89
951 511.454
951.125 502.968
951.25 501.134
951.375 499.573
951.5 479.62
951.625 669.258
951.75 2671.36
951.875 6688.18
952 6925.26
952.125 2888.41
952.25 640.5
952.375 412.939
952.5 442.994
952.625 466.933
952.75 443.401
952.875 412.825
953 448.818
953.125 485.856
953.25 503.977
953.375 498.523
953.5 462.153
953.625 425.669
953.75 463.038
953.875 485.969
954 480.909
954.125 458.563
954.25 421.71
954.375 357.61
954.5 394.731
954.625 453.077
954.75 484.005
954.875 493.57
955 697.136
955.125 2108.91
955.25 3669.59
955.375 1998.08
955.5 617.134
955.625 427.71
955.75 404.402
955.875 456.639
956 508.401
956.125 499.066
956.25 451.341
956.375 434.967
956.5 834.714
956.625 3946.65
956.75 7551.07
956.875 4016.58
957 913.192
957.125 482.907
957.25 500.254
957.375 525.593
957.5 526.623
957.625 516.459
957.75 503.95
957.875 471.934
958 402.972
958.125 393.554
958.25 468.361
958.375 515.371
958.5 516.673
958.625 496.999
958.75 452.128
958.875 399.162
959 404.103
959.125 418.546
959.25 424.389
959.375 456.054
959.5 481.322
959.625 487.417
959.75 470.271
959.875 469.745
960 496.352
960.125 515.258
960.25 518.455
960.375 482.642
960.5 522.126
960.625 1203.89
960.75 1994.34
960.875 1244.29
961 579.501
961.125 512.303
961.25 520.179
961.375 491.092
961.5 465.42
961.625 492.195
961.75 531.019
961.875 822.231
962 1803.45
962.125 2451
962.25 1376.62
962.375 600.088
962.5 475.91
962.625 455.901
962.75 489.251
962.875 510.466
963 523.13
963.125 533.445
963.25 535.111
963.375 528.211
963.5 498.841
963.625 441.023
963.75 424.83
963.875 472.845
964 494.967
964.125 506.649
964.25 517.132
964.375 490.055
964.5 436.549
964.625 448.082
964.75 498.556
964.875 516.737
965 527.568
965.125 538.582
965.25 564.106
965.375 615.712
965.5 595.921
965.625 583.19
965.75 743.125
965.875 950.349
966 730.439
966.125 602.357
966.25 667.112
966.375 583.801
966.5 512.175
966.625 652.888
966.75 1667
966.875 2812.32
967 1640.69
967.125 698.118
967.25 965.502
967.375 1404.79
967.5 973.266
967.625 595.95
967.75 577.514
967.875 854.154
968 1663.46
968.125 3797.79
968.25 5701.57
968.375 2998.22
968.5 841.425
968.625 548.308
968.75 679.118
968.875 1679.8
969 2821.8
969.125 1674.41
969.25 672.73
969.375 538.782
969.5 546.114
969.625 867.201
969.75 3400.95
969.875 8154.77
970 8121.31
970.125 3347.04
970.25 847.101
970.375 549
970.5 541.111
970.625 541.785
970.75 544.046
970.875 792.407
971 2653.23
971.125 4777.24
971.25 2657.12
971.375 785.917
971.5 507.535
971.625 544.537
971.75 1352.37
971.875 7042.34
972 13539.3
972.125 7036.78
972.25 1338.01
972.375 537.598
972.5 514.651
972.625 529.055
972.75 536.498
972.875 536.564
973 532.392
973.125 532.381
973.25 549.121
973.375 626.817
973.5 932.882
973.625 2629.94
973.75 4881.16
973.875 3226.7
974 1134.02
974.125 587.279
974.25 524.203
974.375 585.049
974.5 779.428
974.625 804.105
974.75 625.209
974.875 512.49
975 510.544
975.125 531.446
975.25 525.856
975.375 508.972
975.5 518.433
975.625 510.119
975.75 489.337
975.875 512.845
976 533.73
976.125 521.506
976.25 502.815
976.375 510.571
976.5 523.057
976.625 536.247
976.75 541.83
976.875 540.438
977 544.252
977.125 546.31
977.25 539.718
977.375 530.715
977.5 533.314
977.625 535.011
977.75 535.363
977.875 532.067
978 529.639
978.125 519.883
978.25 504.227
978.375 525.384
978.5 543.249
978.625 548.98
978.75 826.825
978.875 4261.95
979 19206.5
979.125 32317.8
979.25 15722.8
979.375 2460.82
979.5 1158.23
979.625 1709.91
979.75 1848.8
979.875 6463.73
980 12232.5
980.125 6366.91
980.25 1255.84
980.375 556.987
980.5 546.863
980.625 599.887
980.75 813.093
980.875 1008.47
981 1006.44
981.125 2502.76
981.25 4400.4
981.375 2471.2
981.5 807.108
981.625 612.421
981.75 606.099
981.875 571.319
982 551.675
982.125 555.349
982.25 617.121
982.375 679.769
982.5 597.708
982.625 605.165
982.75 1061.12
982.875 1580.38
983 1063.57
983.125 607.121
983.25 543.097
983.375 547.434
983.5 550.395
983.625 549.787
983.75 550.554
983.875 550.769
984 550.113
984.125 547.747
984.25 544.709
984.375 562.143
984.5 601.556
984.625 1070.47
984.75 4567.7
984.875 8581.13
985 4565.5
985.125 1052.63
985.25 567.216
985.375 552.366
985.5 552.169
985.625 551.621
985.75 551.539
985.875 552.562
986 552.961
986.125 552.897
986.25 553.272
986.375 552.968
986.5 552.205
986.625 552.53
986.75 556.159
986.875 610.947
987 2198.53
987.125 13701.7
987.25 26848.7
987.375 13696.2
987.5 2193.66
987.625 604.693
987.75 553.783
987.875 552.589
988 553.162
988.125 554.216
988.25 554.703
988.375 555.157
988.5 559.41
988.625 564.728
988.75 559.478
988.875 554.822
989 554.286
989.125 573.398
989.25 1161.03
989.375 5385.41
989.5 10207.6
989.625 5385.54
989.75 1160.47
989.875 571.063
990 553.953
990.125 558.091
990.25 556.51
990.375 554.402
990.5 554.075
990.625 554.335
990.75 554.142
990.875 553.665
991 554.525
991.125 607.899
991.25 2250.53
991.375 14116.4
991.5 27677.3
991.625 14116.9
991.75 2251.4
991.875 608.995
992 556.271
992.125 556.526
992.25 556.955
992.375 556.835
992.5 555.668
992.625 553.803
992.75 554.587
992.875 556.2
993 557.096
993.125 557.433
993.25 557.93
993.375 558.409
993.5 558.332
993.625 558.286
993.75 570.445
993.875 950.517
994 3836.57
994.125 8256.85
994.25 7209.86
994.375 7393.85
994.5 14476.4
994.625 16083.9
994.75 9304.1
994.875 3999.01
995 1926.82
995.125 936.641
995.25 625.89
995.375 1432.85
995.5 7539.95
995.625 14522
995.75 7592.34
995.875 2274.81
996 6039.23
996.125 13880.3
996.25 13644.2
996.375 5457.18
996.5 1120.85
996.625 576.541
996.75 559.359
996.875 566.594
997 781.601
997.125 2328.88
997.25 4095.55
997.375 2327.79
997.5 784.823
997.625 600.442
997.75 663.172
997.875 685.112
998 613.942
998.125 567.677
998.25 560.868
998.375 560.327
998.5 560.597
998.625 560.84
998.75 560.876
998.875 560.819
999 560.984
999.125 560.749
999.25 560.232
999.375 560.64
999.5 561.264
999.625 568.686
999.75 795.524
999.875 2424.22
1000 4173.37
