300 0.0340799
300.125 0.0343402
300.25 0.0356831
300.375 0.0370595
300.5 0.0382427
300.625 0.0393463
300.75 0.0412759
300.875 0.0435984
301 0.046381
301.125 0.0489746
301.25 0.0517667
301.375 0.0536954
301.5 0.0558364
301.625 0.0572062
301.75 0.058091
301.875 0.0590066
302 0.0600251
302.125 0.0616509
302.25 0.0636305
302.375 0.0657264
302.5 0.0686125
302.625 0.0717071
302.75 0.075106
302.875 0.0782657
303 0.0818693
303.125 0.085123
303.25 0.0876996
303.375 0.0897475
303.5 0.0914796
303.625 0.0931758
303.75 0.0947511
303.875 0.0950629
304 0.0953566
304.125 0.0968676
304.25 0.100352
304.375 0.103418
304.5 0.106159
304.625 0.109398
304.75 0.114466
304.875 0.118523
305 0.123362
305.125 0.127524
305.25 0.131804
305.375 0.134386
305.5 0.136631
305.625 0.137517
305.75 0.138035
305.875 0.139911
306 0.142277
306.125 0.143517
306.25 0.143412
306.375 0.144671
306.5 0.148341
306.625 0.152998
306.75 0.156816
306.875 0.160019
307 0.165886
307.125 0.171514
307.25 0.176941
307.375 0.18112
307.5 0.185596
307.625 0.188554
307.75 0.190303
307.875 0.190102
308 0.189627
308.125 0.190636
308.25 0.192624
308.375 0.196786
308.5 0.202007
308.625 0.201861
308.75 0.201789
308.875 0.203766
309 0.206453
309.125 0.20905
309.25 0.214334
309.375 0.219752
309.5 0.228917
309.625 0.2352
309.75 0.240487
309.875 0.241201
310 0.242945
310.125 0.243107
310.25 0.242326
310.375 0.242646
310.5 0.24744
310.625 0.251498
310.75 0.253658
310.875 0.255969
311 0.258647
311.125 0.260224
311.25 0.260469
311.375 0.259667
311.5 0.260415
311.625 0.264812
311.75 0.271447
311.875 0.277554
312 0.282774
312.125 0.286791
312.25 0.289241
312.375 0.29247
312.5 0.297272
312.625 0.300799
312.75 0.303379
312.875 0.30558
313 0.306621
313.125 0.308438
313.25 0.308365
313.375 0.305178
313.5 0.300693
313.625 0.301377
313.75 0.305692
313.875 0.310526
314 0.316195
314.125 0.321273
314.25 0.327159
314.375 0.333326
314.5 0.340099
314.625 0.344612
314.75 0.345965
314.875 0.345399
315 0.34675
315.125 0.348544
315.25 0.3487
315.375 0.346827
315.5 0.338926
315.625 0.336061
315.75 0.340505
315.875 0.347098
316 0.354778
316.125 0.360267
316.25 0.364344
316.375 0.367294
316.5 0.371281
316.625 0.375508
316.75 0.380306
316.875 0.380838
317 0.377375
317.125 0.37478
317.25 0.376104
317.375 0.378805
317.5 0.377543
317.625 0.371772
317.75 0.371008
317.875 0.377366
318 0.384014
318.125 0.386585
318.25 0.391667
318.375 0.398217
318.5 0.40464
318.625 0.408734
318.75 0.41153
318.875 0.413628
319 0.417563
319.125 0.420302
319.25 0.418787
319.375 0.411996
319.5 0.403336
319.625 0.403391
319.75 0.407613
319.875 0.408064
320 0.402623
320.125 0.402751
320.25 0.411225
320.375 0.419212
320.5 0.424893
320.625 0.428101
320.75 0.433476
320.875 0.438999
321 0.444261
321.125 0.447017
321.25 0.447583
321.375 0.446997
321.5 0.44732
321.625 0.449056
321.75 0.449898
321.875 0.444167
322 0.43099
322.125 0.426462
322.25 0.431078
322.375 0.437324
322.5 0.440452
322.625 0.43318
322.75 0.432105
322.875 0.438225
323 0.446063
323.125 0.453121
323.25 0.459783
323.375 0.464303
323.5 0.468711
323.625 0.472081
323.75 0.475299
323.875 0.477333
324 0.477254
324.125 0.474463
324.25 0.471976
324.375 0.472317
324.5 0.47329
324.625 0.47238
324.75 0.461867
324.875 0.452643
325 0.455289
325.125 0.460897
325.25 0.46703
325.375 0.46999
325.5 0.468004
325.625 0.46885
325.75 0.473849
325.875 0.478689
326 0.483396
326.125 0.48724
326.25 0.490389
326.375 0.492568
326.5 0.494478
326.625 0.49622
326.75 0.497781
326.875 0.498456
327 0.496815
327.125 0.492863
327.25 0.490539
327.375 0.491492
327.5 0.493809
327.625 0.49445
327.75 0.490159
327.875 0.482625
328 0.479212
328.125 0.481626
328.25 0.487157
328.375 0.491929
328.5 0.496643
328.625 0.500583
328.75 0.504166
328.875 0.507124
329 0.509548
329.125 0.511674
329.25 0.513468
329.375 0.514678
329.5 0.515485
329.625 0.515742
329.75 0.516111
329.875 0.516887
330 0.517636
330.125 0.516499
330.25 0.511752
330.375 0.508077
330.5 0.508713
330.625 0.510676
330.75 0.512845
330.875 0.513293
331 0.508519
331.125 0.506159
331.25 0.508332
331.375 0.511567
331.5 0.515243
331.625 0.518391
331.75 0.52127
331.875 0.523551
332 0.525683
332.125 0.527412
332.25 0.528953
332.375 0.530285
332.5 0.531384
332.625 0.532052
332.75 0.532503
332.875 0.532219
333 0.531796
333.125 0.531922
333.25 0.532324
333.375 0.532529
333.5 0.531103
333.625 0.526846
333.75 0.524236
333.875 0.525179
334 0.527612
334.125 0.530254
334.25 0.532866
334.375 0.535043
334.5 0.536749
334.625 0.537984
334.75 0.53921
334.875 0.540593
335 0.541924
335.125 0.54321
335.25 0.544246
335.375 0.545076
335.5 0.545765
335.625 0.546273
335.75 0.54682
335.875 0.54752
336 0.548002
336.125 0.54822
336.25 0.547908
336.375 0.547052
336.5 0.546303
336.625 0.546633
336.75 0.54747
336.875 0.548229
337 0.54804
337.125 0.546364
337.25 0.543792
337.375 0.54393
337.5 0.54568
337.625 0.547626
337.75 0.549574
337.875 0.551278
338 0.552808
338.125 0.554162
338.25 0.555535
338.375 0.556566
338.5 0.55757
338.625 0.558278
338.75 0.558949
338.875 0.559655
339 0.560183
339.125 0.560645
339.25 0.561106
339.375 0.561335
339.5 0.561631
339.625 0.56209
339.75 0.56249
339.875 0.562582
340 0.56179
340.125 0.560446
340.25 0.560309
340.375 0.561138
340.5 0.562312
340.625 0.563453
340.75 0.564587
340.875 0.565634
341 0.566567
341.125 0.567433
341.25 0.568229
341.375 0.568958
341.5 0.569617
341.625 0.570257
341.75 0.570732
341.875 0.57124
342 0.571698
342.125 0.572211
342.25 0.572723
342.375 0.573235
342.5 0.573715
342.625 0.574126
342.75 0.574469
342.875 0.574742
343 0.575051
343.125 0.575255
343.25 0.575526
343.375 0.575981
343.5 0.576454
343.625 0.576769
343.75 0.576796
343.875 0.576217
344 0.575642
344.125 0.575875
344.25 0.576713
344.375 0.57771
344.5 0.578718
344.625 0.579719
344.75 0.580579
344.875 0.581334
345 0.582047
345.125 0.582674
345.25 0.58327
345.375 0.583834
345.5 0.584397
345.625 0.584913
345.75 0.585411
345.875 0.58591
346 0.58653
346.125 0.587147
346.25 0.587708
346.375 0.588251
346.5 0.588725
346.625 0.589184
346.75 0.589647
346.875 0.590078
347 0.590467
347.125 0.590786
347.25 0.590934
347.375 0.591155
347.5 0.591513
347.625 0.591957
347.75 0.592577
347.875 0.593196
348 0.593794
348.125 0.594323
348.25 0.594813
348.375 0.595302
348.5 0.59579
348.625 0.596235
348.75 0.596658
348.875 0.597133
349 0.59762
349.125 0.598046
349.25 0.598521
349.375 0.598887
349.5 0.599294
349.625 0.599649
349.75 0.60005
349.875 0.600506
350 0.600924
350.125 0.601342
350.25 0.60176
350.375 0.602176
350.5 0.602642
350.625 0.603069
350.75 0.603484
350.875 0.603899
351 0.604309
351.125 0.604657
351.25 0.604966
351.375 0.60512
351.5 0.605295
351.625 0.605538
351.75 0.605909
351.875 0.606452
352 0.607018
352.125 0.607558
352.25 0.60805
352.375 0.608474
352.5 0.608936
352.625 0.609409
352.75 0.60988
352.875 0.610292
353 0.610763
353.125 0.611222
353.25 0.611627
353.375 0.612052
353.5 0.612498
353.625 0.612902
353.75 0.613305
353.875 0.613708
354 0.614111
354.125 0.614513
354.25 0.614869
354.375 0.615254
354.5 0.615654
354.625 0.616055
354.75 0.616454
354.875 0.616792
355 0.61719
355.125 0.617579
355.25 0.617924
355.375 0.618321
355.5 0.618718
355.625 0.619114
355.75 0.619483
355.875 0.619842
356 0.620204
356.125 0.620569
356.25 0.620963
356.375 0.621313
356.5 0.621686
356.625 0.62198
356.75 0.622292
356.875 0.622618
357 0.622943
357.125 0.62333
357.25 0.623716
357.375 0.62404
357.5 0.624372
357.625 0.624748
357.75 0.625085
357.875 0.625453
358 0.625774
358.125 0.626119
358.25 0.626477
358.375 0.626797
358.5 0.627148
358.625 0.627496
358.75 0.627814
358.875 0.628131
359 0.628448
359.125 0.628764
359.25 0.629079
359.375 0.629395
359.5 0.629709
359.625 0.630023
359.75 0.630398
359.875 0.630714
360 0.631083
360.125 0.631451
360.25 0.631825
360.375 0.632161
360.5 0.632538
360.625 0.632914
360.75 0.633309
360.875 0.633726
361 0.634127
361.125 0.634555
361.25 0.634983
361.375 0.635442
361.5 0.635887
361.625 0.636362
361.75 0.636828
361.875 0.637307
362 0.637767
362.125 0.63825
362.25 0.638705
362.375 0.639192
362.5 0.639641
362.625 0.640077
362.75 0.640559
362.875 0.641012
363 0.641446
363.125 0.641877
363.25 0.642297
363.375 0.642717
363.5 0.643115
363.625 0.643548
363.75 0.643954
363.875 0.644347
364 0.644756
364.125 0.645129
364.25 0.645493
364.375 0.645875
364.5 0.646263
364.625 0.646636
364.75 0.647007
364.875 0.647391
365 0.647786
365.125 0.648156
365.25 0.648517
365.375 0.64891
365.5 0.649335
365.625 0.649702
365.75 0.650062
365.875 0.65043
366 0.650799
366.125 0.651156
366.25 0.651513
366.375 0.651869
366.5 0.652225
366.625 0.65258
366.75 0.652935
366.875 0.653324
367 0.65368
367.125 0.654034
367.25 0.654387
367.375 0.65474
367.5 0.655092
367.625 0.655444
367.75 0.655795
367.875 0.656146
368 0.656497
368.125 0.656847
368.25 0.657196
368.375 0.657546
368.5 0.657894
368.625 0.658243
368.75 0.658591
368.875 0.658938
369 0.659285
369.125 0.659632
369.25 0.659978
369.375 0.660324
369.5 0.660669
369.625 0.661014
369.75 0.661358
369.875 0.661702
370 0.662046
370.125 0.662389
370.25 0.662731
370.375 0.663074
370.5 0.663415
370.625 0.663757
370.75 0.664098
370.875 0.664438
371 0.664778
371.125 0.665118
371.25 0.665457
371.375 0.665796
371.5 0.666134
371.625 0.666472
371.75 0.66681
371.875 0.667147
372 0.667483
372.125 0.667819
372.25 0.668155
372.375 0.668491
372.5 0.668826
372.625 0.66916
372.75 0.669494
372.875 0.669828
373 0.670161
373.125 0.670494
373.25 0.670826
373.375 0.671158
373.5 0.671491
373.625 0.671811
373.75 0.672114
373.875 0.672445
374 0.672774
374.125 0.673104
374.25 0.673433
374.375 0.673761
374.5 0.67409
374.625 0.674417
374.75 0.674745
374.875 0.675072
375 0.675391
375.125 0.675701
375.25 0.676027
375.375 0.676338
375.5 0.676632
375.625 0.676957
375.75 0.677276
375.875 0.67759
376 0.677892
376.125 0.678182
376.25 0.678505
376.375 0.678821
376.5 0.679113
376.625 0.679401
376.75 0.679707
376.875 0.680002
377 0.680294
377.125 0.68058
377.25 0.680858
377.375 0.681141
377.5 0.6814
377.625 0.681682
377.75 0.681967
377.875 0.682245
378 0.682509
378.125 0.682774
378.25 0.683029
378.375 0.683302
378.5 0.683577
378.625 0.683839
378.75 0.684112
378.875 0.684388
379 0.684644
379.125 0.684914
379.25 0.685201
379.375 0.685469
379.5 0.68578
379.625 0.686067
379.75 0.686333
379.875 0.686639
380 0.686939
380.125 0.687252
380.25 0.687571
380.375 0.687897
380.5 0.688234
380.625 0.688552
380.75 0.688886
380.875 0.689243
381 0.689567
381.125 0.68993
381.25 0.690246
381.375 0.690619
381.5 0.690989
381.625 0.691347
381.75 0.691668
381.875 0.69204
382 0.692412
382.125 0.692764
382.25 0.693085
382.375 0.693452
382.5 0.693805
382.625 0.694131
382.75 0.694483
382.875 0.694803
383 0.695154
383.125 0.695473
383.25 0.695808
383.375 0.696134
383.5 0.696442
383.625 0.696785
383.75 0.697109
383.875 0.697407
384 0.697704
384.125 0.698048
384.25 0.698356
384.375 0.698665
384.5 0.698961
384.625 0.699257
384.75 0.699592
384.875 0.699895
385 0.700189
385.125 0.700486
385.25 0.700792
385.375 0.701094
385.5 0.701388
385.625 0.70168
385.75 0.701973
385.875 0.702265
386 0.702577
386.125 0.702887
386.25 0.703178
386.375 0.703469
386.5 0.703759
386.625 0.704049
386.75 0.704338
386.875 0.704627
387 0.704916
387.125 0.705204
387.25 0.705492
387.375 0.70578
387.5 0.706067
387.625 0.706354
387.75 0.706641
387.875 0.706927
388 0.707213
388.125 0.707498
388.25 0.707783
388.375 0.708068
388.5 0.708352
388.625 0.708636
388.75 0.70892
388.875 0.709203
389 0.709486
389.125 0.709768
389.25 0.71005
389.375 0.710332
389.5 0.710614
389.625 0.710895
389.75 0.711175
389.875 0.711456
390 0.711736
390.125 0.712015
390.25 0.712294
390.375 0.712573
390.5 0.712853
390.625 0.713137
390.75 0.713428
390.875 0.7137
391 0.713976
391.125 0.714257
391.25 0.71453
391.375 0.714821
391.5 0.715099
391.625 0.715374
391.75 0.715649
391.875 0.715923
392 0.716198
392.125 0.716472
392.25 0.716745
392.375 0.717018
392.5 0.717291
392.625 0.717564
392.75 0.717836
392.875 0.718108
393 0.718379
393.125 0.71865
393.25 0.718921
393.375 0.719191
393.5 0.719461
393.625 0.719731
393.75 0.72
393.875 0.720269
394 0.720538
394.125 0.720806
394.25 0.721074
394.375 0.721342
394.5 0.721609
394.625 0.721876
394.75 0.722142
394.875 0.722409
395 0.722674
395.125 0.72294
395.25 0.723205
395.375 0.72347
395.5 0.723734
395.625 0.723999
395.75 0.724262
395.875 0.724526
396 0.724789
396.125 0.725052
396.25 0.725314
396.375 0.725575
396.5 0.725828
396.625 0.726086
396.75 0.726361
396.875 0.72661
397 0.726869
397.125 0.727136
397.25 0.727334
397.375 0.727636
397.5 0.727879
397.625 0.728179
397.75 0.728438
397.875 0.728693
398 0.728953
398.125 0.729199
398.25 0.729455
398.375 0.729721
398.5 0.729949
398.625 0.730237
398.75 0.730486
398.875 0.730741
399 0.730985
399.125 0.73125
399.25 0.731495
399.375 0.731762
399.5 0.73202
399.625 0.73226
399.75 0.732499
399.875 0.732768
400 0.733001
400.125 0.733259
400.25 0.733525
400.375 0.733796
400.5 0.734064
400.625 0.73433
400.75 0.734585
400.875 0.734856
401 0.735123
401.125 0.735387
401.25 0.73565
401.375 0.735931
401.5 0.736199
401.625 0.73644
401.75 0.736702
401.875 0.736965
402 0.737226
402.125 0.737488
402.25 0.737749
402.375 0.73801
402.5 0.73827
402.625 0.73853
402.75 0.73879
402.875 0.739049
403 0.739309
403.125 0.739567
403.25 0.739826
403.375 0.740084
403.5 0.740342
403.625 0.7406
403.75 0.740857
403.875 0.741114
404 0.741371
404.125 0.741627
404.25 0.741883
404.375 0.742139
404.5 0.742394
404.625 0.742649
404.75 0.742904
404.875 0.743158
405 0.743412
405.125 0.743666
405.25 0.74392
405.375 0.744173
405.5 0.744426
405.625 0.744678
405.75 0.74493
405.875 0.745181
406 0.745431
406.125 0.74566
406.25 0.745895
406.375 0.746146
406.5 0.746397
406.625 0.746679
406.75 0.746943
406.875 0.747209
407 0.747459
407.125 0.747707
407.25 0.747953
407.375 0.7482
407.5 0.748446
407.625 0.748692
407.75 0.748937
407.875 0.749183
408 0.749428
408.125 0.749673
408.25 0.749918
408.375 0.750162
408.5 0.750407
408.625 0.750651
408.75 0.750894
408.875 0.751138
409 0.751381
409.125 0.751624
409.25 0.751845
409.375 0.752073
409.5 0.752316
409.625 0.752559
409.75 0.752801
409.875 0.753044
410 0.753286
410.125 0.753527
410.25 0.753769
410.375 0.75401
410.5 0.754251
410.625 0.754491
410.75 0.754731
410.875 0.754971
411 0.755211
411.125 0.75545
411.25 0.755689
411.375 0.755928
411.5 0.756167
411.625 0.756405
411.75 0.756643
411.875 0.75688
412 0.757118
412.125 0.757355
412.25 0.757591
412.375 0.757828
412.5 0.758064
412.625 0.7583
412.75 0.758535
412.875 0.758771
413 0.759006
413.125 0.75924
413.25 0.759475
413.375 0.759709
413.5 0.759943
413.625 0.760176
413.75 0.76041
413.875 0.760643
414 0.760875
414.125 0.761108
414.25 0.76134
414.375 0.761571
414.5 0.761797
414.625 0.762035
414.75 0.762266
414.875 0.762497
415 0.762727
415.125 0.762957
415.25 0.763176
415.375 0.763401
415.5 0.763629
415.625 0.763856
415.75 0.764084
415.875 0.76431
416 0.764537
416.125 0.764763
416.25 0.764989
416.375 0.765215
416.5 0.765441
416.625 0.765667
416.75 0.76589
416.875 0.766114
417 0.766341
417.125 0.766566
417.25 0.766791
417.375 0.767014
417.5 0.767226
417.625 0.767426
417.75 0.76765
417.875 0.767874
418 0.768098
418.125 0.768321
418.25 0.768545
418.375 0.768768
418.5 0.76899
418.625 0.769213
418.75 0.769435
418.875 0.769657
419 0.769878
419.125 0.7701
419.25 0.770321
419.375 0.770542
419.5 0.770762
419.625 0.770982
419.75 0.771202
419.875 0.771422
420 0.771642
420.125 0.771861
420.25 0.77208
420.375 0.772299
420.5 0.772517
420.625 0.772735
420.75 0.772953
420.875 0.773171
421 0.773388
421.125 0.773605
421.25 0.773822
421.375 0.774038
421.5 0.774255
421.625 0.774471
421.75 0.774687
421.875 0.774902
422 0.775117
422.125 0.775332
422.25 0.775547
422.375 0.775762
422.5 0.775976
422.625 0.776186
422.75 0.776397
422.875 0.776607
423 0.776816
423.125 0.777025
423.25 0.777233
423.375 0.777441
423.5 0.777648
423.625 0.777855
423.75 0.778026
423.875 0.778237
424 0.778448
424.125 0.778659
424.25 0.77887
424.375 0.77908
424.5 0.77929
424.625 0.7795
424.75 0.779709
424.875 0.779914
425 0.780119
425.125 0.780324
425.25 0.78053
425.375 0.780736
425.5 0.780941
425.625 0.781146
425.75 0.781351
425.875 0.781555
426 0.78176
426.125 0.781966
426.25 0.782173
426.375 0.78238
426.5 0.782586
426.625 0.782792
426.75 0.782997
426.875 0.783203
427 0.783408
427.125 0.783615
427.25 0.783821
427.375 0.784027
427.5 0.78423
427.625 0.784439
427.75 0.784644
427.875 0.784849
428 0.785054
428.125 0.785259
428.25 0.785463
428.375 0.785666
428.5 0.78587
428.625 0.786073
428.75 0.786276
428.875 0.786479
429 0.786681
429.125 0.786882
429.25 0.787083
429.375 0.787283
429.5 0.787484
429.625 0.787684
429.75 0.787883
429.875 0.788083
430 0.788282
430.125 0.788479
430.25 0.788676
430.375 0.788872
430.5 0.789069
430.625 0.789265
430.75 0.78946
430.875 0.789656
431 0.789851
431.125 0.790043
431.25 0.790235
431.375 0.790426
431.5 0.790607
431.625 0.790774
431.75 0.79097
431.875 0.791166
432 0.791361
432.125 0.791542
432.25 0.791728
432.375 0.791919
432.5 0.792109
432.625 0.792299
432.75 0.792489
432.875 0.792643
433 0.792836
433.125 0.793029
433.25 0.793222
433.375 0.793415
433.5 0.793608
433.625 0.7938
433.75 0.793992
433.875 0.794184
434 0.794375
434.125 0.794567
434.25 0.794758
434.375 0.794949
434.5 0.79514
434.625 0.79533
434.75 0.79552
434.875 0.79571
435 0.7959
435.125 0.79609
435.25 0.796279
435.375 0.796468
435.5 0.796657
435.625 0.796845
435.75 0.797034
435.875 0.797222
436 0.79741
436.125 0.797598
436.25 0.797785
436.375 0.797973
436.5 0.79816
436.625 0.798346
436.75 0.798533
436.875 0.798719
437 0.798906
437.125 0.79909
437.25 0.79927
437.375 0.79945
437.5 0.79963
437.625 0.799809
437.75 0.799988
437.875 0.800167
438 0.800345
438.125 0.800491
438.25 0.800675
438.375 0.800859
438.5 0.801042
438.625 0.80122
438.75 0.801394
438.875 0.801568
439 0.801742
439.125 0.801876
439.25 0.802058
439.375 0.80224
439.5 0.802422
439.625 0.802589
439.75 0.802746
439.875 0.802885
440 0.803063
440.125 0.803234
440.25 0.803405
440.375 0.803576
440.5 0.803741
440.625 0.803887
440.75 0.804066
440.875 0.804245
441 0.804412
441.125 0.804586
441.25 0.804746
441.375 0.804901
441.5 0.805087
441.625 0.805205
441.75 0.805348
441.875 0.80554
442 0.805731
442.125 0.805921
442.25 0.806022
442.375 0.806218
442.5 0.806396
442.625 0.80638
442.75 0.80641
442.875 0.806818
443 0.806925
443.125 0.806999
443.25 0.807386
443.375 0.807589
443.5 0.807745
443.625 0.807928
443.75 0.808072
443.875 0.808211
444 0.808417
444.125 0.80855
444.25 0.808759
444.375 0.808802
444.5 0.80911
444.625 0.809272
444.75 0.809456
444.875 0.809411
445 0.809761
445.125 0.809898
445.25 0.810128
445.375 0.810149
445.5 0.810476
445.625 0.8105
445.75 0.810811
445.875 0.810803
446 0.811119
446.125 0.811305
446.25 0.811466
446.375 0.811583
446.5 0.811715
446.625 0.811995
446.75 0.812155
446.875 0.812333
447 0.812475
447.125 0.812625
447.25 0.81283
447.375 0.81299
447.5 0.813186
447.625 0.813358
447.75 0.813509
447.875 0.813709
448 0.813876
448.125 0.814044
448.25 0.814211
448.375 0.814378
448.5 0.814544
448.625 0.814711
448.75 0.814877
448.875 0.81505
449 0.815248
449.125 0.815418
449.25 0.815583
449.375 0.815749
449.5 0.815917
449.625 0.816036
449.75 0.816201
449.875 0.816365
450 0.81653
450.125 0.816694
450.25 0.816858
450.375 0.817022
450.5 0.817185
450.625 0.817394
450.75 0.817557
450.875 0.817713
451 0.817838
451.125 0.818
451.25 0.818163
451.375 0.818325
451.5 0.818487
451.625 0.818683
451.75 0.818865
451.875 0.819021
452 0.819181
452.125 0.819342
452.25 0.819504
452.375 0.819665
452.5 0.819827
452.625 0.819989
452.75 0.820149
452.875 0.820311
453 0.820471
453.125 0.82063
453.25 0.820787
453.375 0.820949
453.5 0.821108
453.625 0.821266
453.75 0.821425
453.875 0.821583
454 0.82174
454.125 0.821894
454.25 0.822048
454.375 0.822192
454.5 0.822319
454.625 0.822477
454.75 0.822634
454.875 0.822791
455 0.822947
455.125 0.823104
455.25 0.823252
455.375 0.823397
455.5 0.823541
455.625 0.823657
455.75 0.823802
455.875 0.823957
456 0.824113
456.125 0.824253
456.25 0.824389
456.375 0.824511
456.5 0.824649
456.625 0.824796
456.75 0.824931
456.875 0.825029
457 0.825183
457.125 0.82533
457.25 0.825463
457.375 0.82561
457.5 0.825714
457.625 0.825857
457.75 0.825951
457.875 0.82609
458 0.826239
458.125 0.826368
458.25 0.826463
458.375 0.826615
458.5 0.826752
458.625 0.826872
458.75 0.826987
458.875 0.827134
459 0.827262
459.125 0.82737
459.25 0.827507
459.375 0.827643
459.5 0.827769
459.625 0.827875
459.75 0.828022
459.875 0.828148
460 0.828275
460.125 0.82839
460.25 0.828538
460.375 0.82867
460.5 0.828801
460.625 0.828933
460.75 0.829051
460.875 0.829195
461 0.829328
461.125 0.829466
461.25 0.829606
461.375 0.829746
461.5 0.829854
461.625 0.830001
461.75 0.830148
461.875 0.830295
462 0.830442
462.125 0.830587
462.25 0.830713
462.375 0.830848
462.5 0.830996
462.625 0.831143
462.75 0.83129
462.875 0.831437
463 0.831585
463.125 0.83174
463.25 0.831898
463.375 0.832044
463.5 0.832189
463.625 0.832341
463.75 0.83253
463.875 0.832677
464 0.83281
464.125 0.83296
464.25 0.833121
464.375 0.833279
464.5 0.833423
464.625 0.833566
464.75 0.83374
464.875 0.833909
465 0.834067
465.125 0.834214
465.25 0.834343
465.375 0.834477
465.5 0.834627
465.625 0.834777
465.75 0.834926
465.875 0.835072
466 0.835214
466.125 0.835332
466.25 0.835412
466.375 0.835553
466.5 0.835694
466.625 0.835834
466.75 0.835963
466.875 0.836082
467 0.836183
467.125 0.836311
467.25 0.836451
467.375 0.836547
467.5 0.836646
467.625 0.836785
467.75 0.836918
467.875 0.837022
468 0.837117
468.125 0.837237
468.25 0.837349
468.375 0.837475
468.5 0.83758
468.625 0.837695
468.75 0.837758
468.875 0.837911
469 0.837996
469.125 0.838106
469.25 0.838204
469.375 0.838296
469.5 0.838433
469.625 0.838449
469.75 0.838509
469.875 0.838733
470 0.838836
470.125 0.838877
470.25 0.839025
470.375 0.839111
470.5 0.839234
470.625 0.83932
470.75 0.839424
470.875 0.839525
471 0.839591
471.125 0.839691
471.25 0.839767
471.375 0.839889
471.5 0.840009
471.625 0.840107
471.75 0.840174
471.875 0.840242
472 0.840376
472.125 0.840454
472.25 0.840558
472.375 0.840657
472.5 0.84074
472.625 0.840806
472.75 0.84092
472.875 0.840978
473 0.841087
473.125 0.841196
473.25 0.841285
473.375 0.841318
473.5 0.841422
473.625 0.841495
473.75 0.841559
473.875 0.841623
474 0.841687
474.125 0.841751
474.25 0.841815
474.375 0.841846
474.5 0.841886
474.625 0.84192
474.75 0.841948
474.875 0.841956
475 0.841954
475.125 0.84195
475.25 0.841946
475.375 0.841941
475.5 0.841922
475.625 0.841929
475.75 0.841927
475.875 0.841892
476 0.841831
476.125 0.841803
476.25 0.84176
476.375 0.841772
476.5 0.841808
476.625 0.841809
476.75 0.841869
476.875 0.841911
477 0.84197
477.125 0.84204
477.25 0.84211
477.375 0.842224
477.5 0.842363
477.625 0.84249
477.75 0.842616
477.875 0.842742
478 0.842867
478.125 0.843036
478.25 0.843228
478.375 0.843406
478.5 0.843587
478.625 0.84375
478.75 0.84391
478.875 0.844102
479 0.844293
479.125 0.844484
479.25 0.844676
479.375 0.844867
479.5 0.845042
479.625 0.845171
479.75 0.845353
479.875 0.845544
480 0.845734
480.125 0.845924
480.25 0.846114
480.375 0.846304
480.5 0.846493
480.625 0.846661
480.75 0.846793
480.875 0.846977
481 0.847166
481.125 0.847355
481.25 0.847541
481.375 0.847703
481.5 0.847858
481.625 0.84801
481.75 0.848168
481.875 0.84832
482 0.8485
482.125 0.848673
482.25 0.848847
482.375 0.848981
482.5 0.849168
482.625 0.849303
482.75 0.849457
482.875 0.849622
483 0.849751
483.125 0.849932
483.25 0.850103
483.375 0.850272
483.5 0.850406
483.625 0.850592
483.75 0.850779
483.875 0.850933
484 0.851065
484.125 0.851241
484.25 0.851376
484.375 0.851536
484.5 0.851711
484.625 0.851883
484.75 0.852021
484.875 0.85219
485 0.852308
485.125 0.852453
485.25 0.852611
485.375 0.852719
485.5 0.852894
485.625 0.853021
485.75 0.853171
485.875 0.853299
486 0.85346
486.125 0.853602
486.25 0.853752
486.375 0.853887
486.5 0.85401
486.625 0.854121
486.75 0.854246
486.875 0.854364
487 0.854474
487.125 0.854588
487.25 0.854713
487.375 0.854829
487.5 0.854967
487.625 0.855095
487.75 0.85522
487.875 0.855285
488 0.855421
488.125 0.855522
488.25 0.855635
488.375 0.855727
488.5 0.855785
488.625 0.855909
488.75 0.85601
488.875 0.856084
489 0.856196
489.125 0.856247
489.25 0.856364
489.375 0.856455
489.5 0.856522
489.625 0.856622
489.75 0.856711
489.875 0.856816
490 0.85689
490.125 0.856999
490.25 0.857093
490.375 0.857179
490.5 0.857256
490.625 0.857368
490.75 0.857478
490.875 0.857572
491 0.857673
491.125 0.857732
491.25 0.857843
491.375 0.857955
491.5 0.858066
491.625 0.858176
491.75 0.858277
491.875 0.858376
492 0.858477
492.125 0.858581
492.25 0.85866
492.375 0.858759
492.5 0.858869
492.625 0.85898
492.75 0.85909
492.875 0.859196
493 0.859286
493.125 0.859381
493.25 0.859449
493.375 0.859554
493.5 0.859664
493.625 0.85977
493.75 0.859867
493.875 0.859965
494 0.860058
494.125 0.860124
494.25 0.860233
494.375 0.860342
494.5 0.860443
494.625 0.860537
494.75 0.860631
494.875 0.860705
495 0.860798
495.125 0.860903
495.25 0.860983
495.375 0.861048
495.5 0.861143
495.625 0.861219
495.75 0.861271
495.875 0.861379
496 0.861462
496.125 0.861532
496.25 0.861601
496.375 0.861643
496.5 0.861737
496.625 0.861804
496.75 0.861867
496.875 0.86195
497 0.862021
497.125 0.862097
497.25 0.862162
497.375 0.862221
497.5 0.86227
497.625 0.86231
497.75 0.862367
497.875 0.862448
498 0.862503
498.125 0.862549
498.25 0.862593
498.375 0.862636
498.5 0.862675
498.625 0.862714
498.75 0.862754
498.875 0.862792
499 0.862832
499.125 0.862871
499.25 0.862902
499.375 0.862948
499.5 0.862986
499.625 0.863016
499.75 0.863045
499.875 0.863077
500 0.863116
500.125 0.863131
500.25 0.863158
500.375 0.863167
500.5 0.863203
500.625 0.863241
500.75 0.863278
500.875 0.863303
501 0.863299
501.125 0.863362
501.25 0.863403
501.375 0.863367
501.5 0.863413
501.625 0.863445
501.75 0.863428
501.875 0.86346
502 0.863432
502.125 0.863361
502.25 0.863627
502.375 0.863666
502.5 0.863698
502.625 0.863534
502.75 0.863501
502.875 0.863809
503 0.863197
503.125 0.863552
503.25 0.863781
503.375 0.863906
503.5 0.863677
503.625 0.862428
503.75 0.863217
503.875 0.862507
504 0.863526
504.125 0.863714
504.25 0.863887
504.375 0.863125
504.5 0.863099
504.625 0.86449
504.75 0.864579
504.875 0.864501
505 0.864515
505.125 0.864734
505.25 0.864938
505.375 0.864693
505.5 0.864915
505.625 0.865222
505.75 0.864557
505.875 0.86455
506 0.864971
506.125 0.865
506.25 0.865462
506.375 0.865794
506.5 0.865968
506.625 0.86606
506.75 0.865184
506.875 0.865368
507 0.865813
507.125 0.866208
507.25 0.866492
507.375 0.865853
507.5 0.866671
507.625 0.866943
507.75 0.866001
507.875 0.86684
508 0.866503
508.125 0.866936
508.25 0.867487
508.375 0.867592
508.5 0.867293
508.625 0.867718
508.75 0.867267
508.875 0.868013
509 0.868228
509.125 0.868346
509.25 0.86844
509.375 0.868109
509.5 0.868381
509.625 0.868631
509.75 0.868649
509.875 0.868989
510 0.869091
510.125 0.869163
510.25 0.869253
510.375 0.86909
510.5 0.869464
510.625 0.869598
510.75 0.869732
510.875 0.869737
511 0.869922
511.125 0.869885
511.25 0.869927
511.375 0.870139
511.5 0.870222
511.625 0.870287
511.75 0.870372
511.875 0.870458
512 0.870533
512.125 0.870572
512.25 0.870689
512.375 0.870719
512.5 0.870801
512.625 0.870878
512.75 0.870951
512.875 0.871032
513 0.871088
513.125 0.871158
513.25 0.87124
513.375 0.871295
513.5 0.871366
513.625 0.871433
513.75 0.871496
513.875 0.871544
514 0.871622
514.125 0.871682
514.25 0.871717
514.375 0.871808
514.5 0.871878
514.625 0.871945
514.75 0.871995
514.875 0.872021
515 0.872084
515.125 0.87216
515.25 0.872187
515.375 0.872267
515.5 0.872353
515.625 0.872421
515.75 0.872467
515.875 0.872538
516 0.87261
516.125 0.872677
516.25 0.872744
516.375 0.872806
516.5 0.872872
516.625 0.872908
516.75 0.872987
516.875 0.873065
517 0.873128
517.125 0.873184
517.25 0.873253
517.375 0.873326
517.5 0.873395
517.625 0.873459
517.75 0.873518
517.875 0.873591
518 0.87362
518.125 0.873694
518.25 0.873756
518.375 0.873781
518.5 0.873866
518.625 0.873933
518.75 0.873998
518.875 0.874051
519 0.874124
519.125 0.874182
519.25 0.874216
519.375 0.874298
519.5 0.874343
519.625 0.874388
519.75 0.874472
519.875 0.874531
520 0.874589
520.125 0.874634
520.25 0.874657
520.375 0.874725
520.5 0.87477
520.625 0.874801
520.75 0.874824
520.875 0.874856
521 0.874894
521.125 0.874944
521.25 0.874985
521.375 0.875022
521.5 0.875049
521.625 0.875073
521.75 0.875097
521.875 0.875118
522 0.875139
522.125 0.875213
522.25 0.875233
522.375 0.875202
522.5 0.875223
522.625 0.875244
522.75 0.875265
522.875 0.875285
523 0.875306
523.125 0.875327
523.25 0.875347
523.375 0.875349
523.5 0.875357
523.625 0.875346
523.75 0.875377
523.875 0.875386
524 0.875379
524.125 0.875298
524.25 0.875351
524.375 0.875354
524.5 0.875332
524.625 0.875332
524.75 0.875357
524.875 0.87536
525 0.875357
525.125 0.87532
525.25 0.875375
525.375 0.875374
525.5 0.875348
525.625 0.875389
525.75 0.875381
525.875 0.875399
526 0.875404
526.125 0.875388
526.25 0.875366
526.375 0.875382
526.5 0.875374
526.625 0.875367
526.75 0.875292
526.875 0.875339
527 0.875337
527.125 0.875286
527.25 0.875306
527.375 0.875344
527.5 0.875352
527.625 0.875346
527.75 0.87533
527.875 0.875305
528 0.875346
528.125 0.875342
528.25 0.875323
528.375 0.875308
528.5 0.875325
528.625 0.875329
528.75 0.875348
528.875 0.875318
529 0.87534
529.125 0.875375
529.25 0.87533
529.375 0.875351
529.5 0.875367
529.625 0.875383
529.75 0.875399
529.875 0.875391
530 0.875428
530.125 0.875443
530.25 0.875462
530.375 0.875478
530.5 0.875476
530.625 0.875503
530.75 0.87552
530.875 0.875539
531 0.875575
531.125 0.875624
531.25 0.875648
531.375 0.875661
531.5 0.875701
531.625 0.875719
531.75 0.875775
531.875 0.875802
532 0.875852
532.125 0.875916
532.25 0.875968
532.375 0.875985
532.5 0.876061
532.625 0.876123
532.75 0.876171
532.875 0.876221
533 0.87628
533.125 0.87634
533.25 0.876411
533.375 0.876479
533.5 0.876557
533.625 0.876634
533.75 0.876715
533.875 0.876793
534 0.876878
534.125 0.876966
534.25 0.877045
534.375 0.877116
534.5 0.877197
534.625 0.877307
534.75 0.877412
534.875 0.877507
535 0.877589
535.125 0.877691
535.25 0.877796
535.375 0.877895
535.5 0.877981
535.625 0.878078
535.75 0.878187
535.875 0.878284
536 0.878371
536.125 0.878446
536.25 0.878521
536.375 0.878596
536.5 0.878684
536.625 0.878798
536.75 0.878887
536.875 0.878971
537 0.879046
537.125 0.8791
537.25 0.879207
537.375 0.879281
537.5 0.879345
537.625 0.879405
537.75 0.879475
537.875 0.879565
538 0.879637
538.125 0.879669
538.25 0.879716
538.375 0.879761
538.5 0.879817
538.625 0.879906
538.75 0.87991
538.875 0.880029
539 0.880044
539.125 0.880062
539.25 0.880136
539.375 0.880182
539.5 0.880237
539.625 0.880284
539.75 0.880283
539.875 0.880337
540 0.88028
540.125 0.880459
540.25 0.8805
540.375 0.880301
540.5 0.880549
540.625 0.880554
540.75 0.8806
540.875 0.880348
541 0.880325
541.125 0.880132
541.25 0.880758
541.375 0.880515
541.5 0.88042
541.625 0.880314
541.75 0.880765
541.875 0.880785
542 0.880752
542.125 0.880562
542.25 0.880568
542.375 0.88099
542.5 0.880597
542.625 0.881042
542.75 0.881085
542.875 0.881074
543 0.881018
543.125 0.881054
543.25 0.881101
543.375 0.881246
543.5 0.88111
543.625 0.88096
543.75 0.880678
543.875 0.88104
544 0.881213
544.125 0.881393
544.25 0.881374
544.375 0.881224
544.5 0.881368
544.625 0.881529
544.75 0.881509
544.875 0.881533
545 0.881183
545.125 0.881435
545.25 0.88167
545.375 0.881692
545.5 0.881799
545.625 0.881707
545.75 0.881317
545.875 0.881713
546 0.881772
546.125 0.881633
546.25 0.882004
546.375 0.881409
546.5 0.881891
546.625 0.881953
546.75 0.882161
546.875 0.881987
547 0.882243
547.125 0.88201
547.25 0.882387
547.375 0.882438
547.5 0.882328
547.625 0.882521
547.75 0.882564
547.875 0.882345
548 0.882436
548.125 0.882673
548.25 0.882696
548.375 0.882735
548.5 0.882849
548.625 0.882823
548.75 0.882935
548.875 0.882868
549 0.883043
549.125 0.883061
549.25 0.883064
549.375 0.88317
549.5 0.883184
549.625 0.883162
549.75 0.883243
549.875 0.883281
550 0.883355
550.125 0.883411
550.25 0.883432
550.375 0.883478
550.5 0.883528
550.625 0.883614
550.75 0.88365
550.875 0.883655
551 0.883659
551.125 0.883697
551.25 0.883748
551.375 0.883826
551.5 0.883839
551.625 0.883906
551.75 0.883894
551.875 0.883961
552 0.884016
552.125 0.884052
552.25 0.884064
552.375 0.884118
552.5 0.884146
552.625 0.884164
552.75 0.88423
552.875 0.884259
553 0.884268
553.125 0.884271
553.25 0.88431
553.375 0.884345
553.5 0.884369
553.625 0.8844
553.75 0.884434
553.875 0.884464
554 0.884476
554.125 0.884491
554.25 0.884543
554.375 0.884568
554.5 0.884578
554.625 0.884581
554.75 0.884584
554.875 0.884604
555 0.884642
555.125 0.884656
555.25 0.884674
555.375 0.884688
555.5 0.88469
555.625 0.884692
555.75 0.884695
555.875 0.884749
556 0.884749
556.125 0.884707
556.25 0.884704
556.375 0.884732
556.5 0.884761
556.625 0.884771
556.75 0.884778
556.875 0.884774
557 0.884747
557.125 0.884717
557.25 0.884718
557.375 0.88472
557.5 0.884722
557.625 0.884723
557.75 0.884725
557.875 0.884726
558 0.884718
558.125 0.884705
558.25 0.884695
558.375 0.88464
558.5 0.884641
558.625 0.884628
558.75 0.884603
558.875 0.884576
559 0.884554
559.125 0.884546
559.25 0.88453
559.375 0.884512
559.5 0.884465
559.625 0.884459
559.75 0.884451
559.875 0.884425
560 0.884389
560.125 0.88437
560.25 0.884343
560.375 0.884306
560.5 0.884286
560.625 0.884278
560.75 0.884248
560.875 0.884225
561 0.884179
561.125 0.884123
561.25 0.884104
561.375 0.884104
561.5 0.884076
561.625 0.884044
561.75 0.883999
561.875 0.883938
562 0.88392
562.125 0.883918
562.25 0.883891
562.375 0.883863
562.5 0.883826
562.625 0.883802
562.75 0.88377
562.875 0.883732
563 0.883708
563.125 0.883687
563.25 0.883638
563.375 0.883629
563.5 0.883608
563.625 0.883598
563.75 0.88356
563.875 0.88353
564 0.883497
564.125 0.883458
564.25 0.88343
564.375 0.883409
564.5 0.88337
564.625 0.883349
564.75 0.883347
564.875 0.883318
565 0.883282
565.125 0.883223
565.25 0.883232
565.375 0.883206
565.5 0.883153
565.625 0.883117
565.75 0.883104
565.875 0.883055
566 0.883053
566.125 0.883029
566.25 0.882979
566.375 0.882935
566.5 0.882925
566.625 0.882897
566.75 0.882806
566.875 0.882784
567 0.882754
567.125 0.882691
567.25 0.882615
567.375 0.882607
567.5 0.882537
567.625 0.882372
567.75 0.882526
567.875 0.882265
568 0.88243
568.125 0.88213
568.25 0.882199
568.375 0.881666
568.5 0.881231
568.625 0.881941
568.75 0.881529
568.875 0.880539
569 0.881722
569.125 0.880778
569.25 0.881056
569.375 0.880407
569.5 0.881362
569.625 0.881564
569.75 0.881282
569.875 0.881294
570 0.880203
570.125 0.880435
570.25 0.88038
570.375 0.881276
570.5 0.881027
570.625 0.881043
570.75 0.881167
570.875 0.880897
571 0.881052
571.125 0.881012
571.25 0.880519
571.375 0.880799
571.5 0.880657
571.625 0.880497
571.75 0.88069
571.875 0.8799
572 0.880283
572.125 0.879493
572.25 0.880101
572.375 0.879625
572.5 0.879966
572.625 0.88038
572.75 0.880346
572.875 0.879511
573 0.879801
573.125 0.879141
573.25 0.880181
573.375 0.88014
573.5 0.879737
573.625 0.880132
573.75 0.879756
573.875 0.878967
574 0.879813
574.125 0.87997
574.25 0.880021
574.375 0.879356
574.5 0.879868
574.625 0.879438
574.75 0.878999
574.875 0.879865
575 0.879953
575.125 0.880075
575.25 0.880033
575.375 0.879931
575.5 0.879766
575.625 0.879616
575.75 0.88004
575.875 0.880121
576 0.880015
576.125 0.880121
576.25 0.880306
576.375 0.880102
576.5 0.880074
576.625 0.880525
576.75 0.88052
576.875 0.880416
577 0.880724
577.125 0.880525
577.25 0.880666
577.375 0.880563
577.5 0.880772
577.625 0.881131
577.75 0.880996
577.875 0.881333
578 0.881445
578.125 0.881488
578.25 0.881712
578.375 0.881697
578.5 0.881925
578.625 0.882183
578.75 0.882303
578.875 0.882432
579 0.882603
579.125 0.882856
579.25 0.883056
579.375 0.883286
579.5 0.883437
579.625 0.883758
579.75 0.883989
579.875 0.884274
580 0.884408
580.125 0.88476
580.25 0.885006
580.375 0.885311
580.5 0.8855
580.625 0.885679
580.75 0.885898
580.875 0.88623
581 0.886482
581.125 0.886716
581.25 0.886941
581.375 0.887147
581.5 0.887307
581.625 0.887544
581.75 0.887744
581.875 0.887943
582 0.888159
582.125 0.888397
582.25 0.888556
582.375 0.888703
582.5 0.888866
582.625 0.889105
582.75 0.889274
582.875 0.88938
583 0.889515
583.125 0.889719
583.25 0.889867
583.375 0.890028
583.5 0.890128
583.625 0.890294
583.75 0.89047
583.875 0.890617
584 0.890677
584.125 0.890841
584.25 0.890971
584.375 0.891052
584.5 0.891265
584.625 0.891393
584.75 0.891345
584.875 0.891625
585 0.891705
585.125 0.891855
585.25 0.891545
585.375 0.892104
585.5 0.892214
585.625 0.892057
585.75 0.892386
585.875 0.892444
586 0.892576
586.125 0.892063
586.25 0.892724
586.375 0.892439
586.5 0.892824
586.625 0.892877
586.75 0.892306
586.875 0.892857
587 0.893027
587.125 0.89311
587.25 0.892179
587.375 0.893274
587.5 0.893003
587.625 0.893166
587.75 0.890926
587.875 0.893161
588 0.893802
588.125 0.891271
588.25 0.891294
588.375 0.891261
588.5 0.889545
588.625 0.893188
588.75 0.887675
588.875 0.887285
589 0.892011
589.125 0.8876
589.25 0.89206
589.375 0.88663
589.5 0.891081
589.625 0.891507
589.75 0.893112
589.875 0.889539
590 0.887743
590.125 0.886561
590.25 0.888292
590.375 0.890942
590.5 0.89223
590.625 0.89361
590.75 0.893057
590.875 0.89271
591 0.890845
591.125 0.891135
591.25 0.890691
591.375 0.893149
591.5 0.892154
591.625 0.891796
591.75 0.89139
591.875 0.893194
592 0.88879
592.125 0.883896
592.25 0.892817
592.375 0.890907
592.5 0.888403
592.625 0.888028
592.75 0.894858
592.875 0.894582
593 0.891794
593.125 0.894099
593.25 0.894014
593.375 0.890191
593.5 0.892318
593.625 0.893853
593.75 0.893482
593.875 0.894414
594 0.893142
594.125 0.894008
594.25 0.88621
594.375 0.883102
594.5 0.894441
594.625 0.89057
594.75 0.886967
594.875 0.888689
595 0.893318
595.125 0.887767
595.25 0.892268
595.375 0.893553
595.5 0.894129
595.625 0.892459
595.75 0.893158
595.875 0.893243
596 0.886486
596.125 0.893181
596.25 0.894006
596.375 0.892907
596.5 0.894257
596.625 0.89391
596.75 0.892937
596.875 0.891053
597 0.887979
597.125 0.892008
597.25 0.891914
597.375 0.894065
597.5 0.894093
597.625 0.891446
597.75 0.893487
597.875 0.890012
598 0.892416
598.125 0.893511
598.25 0.893167
598.375 0.89358
598.5 0.893777
598.625 0.893084
598.75 0.893198
598.875 0.893308
599 0.892894
599.125 0.893056
599.25 0.892203
599.375 0.892939
599.5 0.893542
599.625 0.89318
599.75 0.894093
599.875 0.893241
600 0.893882
600.125 0.892965
600.25 0.894063
600.375 0.893478
600.5 0.893916
600.625 0.893768
600.75 0.894179
600.875 0.894164
601 0.894135
601.125 0.893973
601.25 0.894337
601.375 0.894131
601.5 0.894303
601.625 0.894322
601.75 0.893466
601.875 0.89449
602 0.894496
602.125 0.894374
602.25 0.894618
602.375 0.894637
602.5 0.894616
602.625 0.894709
602.75 0.894774
602.875 0.894828
603 0.894741
603.125 0.894989
603.25 0.894939
603.375 0.895053
603.5 0.895198
603.625 0.895238
603.75 0.895319
603.875 0.895349
604 0.895468
604.125 0.895496
604.25 0.89559
604.375 0.895691
604.5 0.895704
604.625 0.895819
604.75 0.895882
604.875 0.895953
605 0.896
605.125 0.896072
605.25 0.896172
605.375 0.896273
605.5 0.896373
605.625 0.896455
605.75 0.896521
605.875 0.896581
606 0.896682
606.125 0.896782
606.25 0.896882
606.375 0.896982
606.5 0.897079
606.625 0.89716
606.75 0.897239
606.875 0.897292
607 0.89744
607.125 0.897548
607.25 0.89765
607.375 0.897752
607.5 0.897858
607.625 0.897954
607.75 0.89805
607.875 0.898153
608 0.898249
608.125 0.898338
608.25 0.898408
608.375 0.89852
608.5 0.898655
608.625 0.898763
608.75 0.898858
608.875 0.898946
609 0.899037
609.125 0.899149
609.25 0.899269
609.375 0.899372
609.5 0.899471
609.625 0.89957
609.75 0.899668
609.875 0.899767
610 0.899866
610.125 0.899965
610.25 0.900118
610.375 0.900234
610.5 0.90035
610.625 0.900444
610.75 0.900533
610.875 0.900631
611 0.900746
611.125 0.900847
611.25 0.900945
611.375 0.901044
611.5 0.901142
611.625 0.90124
611.75 0.901338
611.875 0.901432
612 0.901535
612.125 0.901633
612.25 0.901731
612.375 0.901829
612.5 0.901927
612.625 0.902025
612.75 0.902115
612.875 0.902205
613 0.902295
613.125 0.902383
613.25 0.902466
613.375 0.902524
613.5 0.902616
613.625 0.902713
613.75 0.902811
613.875 0.902908
614 0.903006
614.125 0.903099
614.25 0.90318
614.375 0.90322
614.5 0.903302
614.625 0.903399
614.75 0.903496
614.875 0.903593
615 0.903674
615.125 0.903762
615.25 0.903845
615.375 0.903915
615.5 0.903985
615.625 0.904082
615.75 0.904175
615.875 0.904253
616 0.904302
616.125 0.904375
616.25 0.904472
616.375 0.904545
616.5 0.90462
616.625 0.904688
616.75 0.904765
616.875 0.904859
617 0.9049
617.125 0.904961
617.25 0.905045
617.375 0.905112
617.5 0.905156
617.625 0.905253
617.75 0.905324
617.875 0.905364
618 0.905448
618.125 0.905517
618.25 0.905575
618.375 0.905614
618.5 0.905654
618.625 0.905741
618.75 0.905802
618.875 0.90586
619 0.905904
619.125 0.905943
619.25 0.906032
619.375 0.906077
619.5 0.906123
619.625 0.90617
619.75 0.906212
619.875 0.906247
620 0.906293
620.125 0.906348
620.25 0.906387
620.375 0.906425
620.5 0.906464
620.625 0.906503
620.75 0.906534
620.875 0.90658
621 0.906619
621.125 0.906657
621.25 0.906696
621.375 0.906734
621.5 0.906773
621.625 0.906811
621.75 0.906849
621.875 0.906885
622 0.906906
622.125 0.906923
622.25 0.906909
622.375 0.906947
622.5 0.906986
622.625 0.907018
622.75 0.907059
622.875 0.907087
623 0.907076
623.125 0.907083
623.25 0.907121
623.375 0.907158
623.5 0.907196
623.625 0.907234
623.75 0.907272
623.875 0.907301
624 0.907304
624.125 0.907292
624.25 0.90733
624.375 0.907366
624.5 0.907377
624.625 0.90739
624.75 0.907387
624.875 0.90742
625 0.90743
625.125 0.907475
625.25 0.907511
625.375 0.907539
625.5 0.907599
625.625 0.907594
625.75 0.907579
625.875 0.90763
626 0.907602
626.125 0.907687
626.25 0.907451
626.375 0.907587
626.5 0.90781
626.625 0.907621
626.75 0.907815
626.875 0.907468
627 0.907336
627.125 0.907897
627.25 0.907721
627.375 0.907113
627.5 0.907923
627.625 0.907901
627.75 0.907677
627.875 0.866575
628 0.865491
628.125 0.870785
628.25 0.880966
628.375 0.893698
628.5 0.892579
628.625 0.904686
628.75 0.906881
628.875 0.908289
629 0.901837
629.125 0.899553
629.25 0.897341
629.375 0.896562
629.5 0.894346
629.625 0.904094
629.75 0.885352
629.875 0.907993
630 0.896461
630.125 0.894882
630.25 0.909416
630.375 0.898192
630.5 0.897536
630.625 0.909635
630.75 0.900485
630.875 0.900256
631 0.909896
631.125 0.903001
631.25 0.90297
631.375 0.910104
631.5 0.91007
631.625 0.901123
631.75 0.90965
631.875 0.909215
632 0.908972
632.125 0.905565
632.25 0.91065
632.375 0.910752
632.5 0.908797
632.625 0.909191
632.75 0.911389
632.875 0.911375
633 0.911488
633.125 0.909912
633.25 0.911958
633.375 0.911416
633.5 0.911901
633.625 0.911521
633.75 0.912204
633.875 0.912578
634 0.912728
634.125 0.912829
634.25 0.912538
634.375 0.912269
634.5 0.91331
634.625 0.913553
634.75 0.913461
634.875 0.912621
635 0.913958
635.125 0.914122
635.25 0.913522
635.375 0.914062
635.5 0.914522
635.625 0.914688
635.75 0.914547
635.875 0.914976
636 0.914766
636.125 0.914844
636.25 0.914886
636.375 0.915343
636.5 0.91565
636.625 0.915772
636.75 0.91594
636.875 0.916086
637 0.915832
637.125 0.916235
637.25 0.916219
637.375 0.916052
637.5 0.916637
637.625 0.916861
637.75 0.916997
637.875 0.917192
638 0.917337
638.125 0.917322
638.25 0.91752
638.375 0.917502
638.5 0.917665
638.625 0.91789
638.75 0.917989
638.875 0.918178
639 0.918313
639.125 0.918229
639.25 0.918444
639.375 0.91867
639.5 0.918745
639.625 0.918912
639.75 0.919024
639.875 0.919043
640 0.919312
640.125 0.919402
640.25 0.9194
640.375 0.919657
640.5 0.919713
640.625 0.919826
640.75 0.920051
640.875 0.920132
641 0.91979
641.125 0.920193
641.25 0.920425
641.375 0.920582
641.5 0.920624
641.625 0.920659
641.75 0.920798
641.875 0.920762
642 0.921064
642.125 0.920958
642.25 0.921279
642.375 0.921378
642.5 0.921451
642.625 0.921248
642.75 0.921471
642.875 0.921723
643 0.921883
643.125 0.92187
643.25 0.921858
643.375 0.922132
643.5 0.921608
643.625 0.921977
643.75 0.922419
643.875 0.92255
644 0.922542
644.125 0.922422
644.25 0.922583
644.375 0.922715
644.5 0.922495
644.625 0.92263
644.75 0.922943
644.875 0.922984
645 0.922628
645.125 0.923047
645.25 0.923326
645.375 0.923343
645.5 0.923192
645.625 0.922347
645.75 0.923641
645.875 0.923078
646 0.922808
646.125 0.921298
646.25 0.923304
646.375 0.922798
646.5 0.922492
646.625 0.922301
646.75 0.922529
646.875 0.922401
647 0.922372
647.125 0.919929
647.25 0.923952
647.375 0.922195
647.5 0.921093
647.625 0.921636
647.75 0.91236
647.875 0.921394
648 0.9249
648.125 0.918086
648.25 0.922634
648.375 0.924422
648.5 0.917123
648.625 0.920723
648.75 0.923567
648.875 0.921731
649 0.924167
649.125 0.923736
649.25 0.918911
649.375 0.925562
649.5 0.919354
649.625 0.924912
649.75 0.919237
649.875 0.924581
650 0.925163
650.125 0.926014
650.25 0.926309
650.375 0.925614
650.5 0.925097
650.625 0.92509
650.75 0.926447
650.875 0.926586
651 0.923387
651.125 0.926648
651.25 0.926783
651.375 0.923562
651.5 0.926319
651.625 0.918958
651.75 0.924155
651.875 0.913077
652 0.924597
652.125 0.922179
652.25 0.927334
652.375 0.926384
652.5 0.924384
652.625 0.924917
652.75 0.927247
652.875 0.927515
653 0.92764
653.125 0.927771
653.25 0.926826
653.375 0.923322
653.5 0.927786
653.625 0.924452
653.75 0.927813
653.875 0.926506
654 0.92822
654.125 0.928146
654.25 0.928085
654.375 0.926149
654.5 0.927539
654.625 0.921935
654.75 0.927583
654.875 0.928511
655 0.921332
655.125 0.92829
655.25 0.928897
655.375 0.927325
655.5 0.922587
655.625 0.927709
655.75 0.928682
655.875 0.926206
656 0.927509
656.125 0.929386
656.25 0.927009
656.375 0.928842
656.5 0.928174
656.625 0.925184
656.75 0.929583
656.875 0.929467
657 0.928693
657.125 0.928597
657.25 0.929307
657.375 0.925877
657.5 0.929702
657.625 0.924382
657.75 0.929917
657.875 0.930079
658 0.930363
658.125 0.930095
658.25 0.928773
658.375 0.930259
658.5 0.92922
658.625 0.930623
658.75 0.929815
658.875 0.927978
659 0.93032
659.125 0.930839
659.25 0.930879
659.375 0.930956
659.5 0.930635
659.625 0.930305
659.75 0.931087
659.875 0.930942
660 0.931287
660.125 0.92992
660.25 0.931339
660.375 0.930651
660.5 0.93139
660.625 0.931577
660.75 0.931292
660.875 0.931744
661 0.931861
661.125 0.931778
661.25 0.931899
661.375 0.931384
661.5 0.93196
661.625 0.932145
661.75 0.932076
661.875 0.932221
662 0.932268
662.125 0.932311
662.25 0.932424
662.375 0.93234
662.5 0.932442
662.625 0.932607
662.75 0.932627
662.875 0.932554
663 0.9325
663.125 0.932766
663.25 0.932896
663.375 0.932896
663.5 0.932816
663.625 0.933048
663.75 0.93315
663.875 0.93321
664 0.933225
664.125 0.933315
664.25 0.933312
664.375 0.933239
664.5 0.933292
664.625 0.933434
664.75 0.933649
664.875 0.933655
665 0.933736
665.125 0.933633
665.25 0.933895
665.375 0.933927
665.5 0.933918
665.625 0.934068
665.75 0.934082
665.875 0.934196
666 0.934244
666.125 0.934296
666.25 0.934299
666.375 0.934289
666.5 0.934521
666.625 0.934577
666.75 0.934488
666.875 0.934713
667 0.934774
667.125 0.934836
667.25 0.934791
667.375 0.934928
667.5 0.935004
667.625 0.935062
667.75 0.935118
667.875 0.93518
668 0.935262
668.125 0.935334
668.25 0.935398
668.375 0.935449
668.5 0.935404
668.625 0.935571
668.75 0.935639
668.875 0.9357
669 0.935733
669.125 0.935808
669.25 0.935884
669.375 0.935942
669.5 0.935988
669.625 0.936035
669.75 0.936112
669.875 0.936181
670 0.936242
670.125 0.936287
670.25 0.936347
670.375 0.936414
670.5 0.936477
670.625 0.936524
670.75 0.936576
670.875 0.936652
671 0.936703
671.125 0.936731
671.25 0.936804
671.375 0.936885
671.5 0.936953
671.625 0.937013
671.75 0.93706
671.875 0.937113
672 0.937191
672.125 0.937237
672.25 0.937265
672.375 0.937341
672.5 0.937421
672.625 0.937475
672.75 0.937543
672.875 0.937593
673 0.937648
673.125 0.937714
673.25 0.937769
673.375 0.937798
673.5 0.937875
673.625 0.937936
673.75 0.937975
673.875 0.93802
674 0.9381
674.125 0.938152
674.25 0.938179
674.375 0.938246
674.5 0.938313
674.625 0.938356
674.75 0.938391
674.875 0.93847
675 0.938522
675.125 0.93856
675.25 0.938616
675.375 0.938689
675.5 0.938736
675.625 0.938763
675.75 0.93884
675.875 0.938899
676 0.938939
676.125 0.938984
676.25 0.939064
676.375 0.939115
676.5 0.939142
676.625 0.939208
676.75 0.939281
676.875 0.939318
677 0.939352
677.125 0.939431
677.25 0.939488
677.375 0.93952
677.5 0.939574
677.625 0.939643
677.75 0.939694
677.875 0.939722
678 0.939796
678.125 0.93985
678.25 0.939897
678.375 0.939934
678.5 0.939987
678.625 0.940042
678.75 0.940084
678.875 0.940125
679 0.940151
679.125 0.940223
679.25 0.940279
679.375 0.940326
679.5 0.940365
679.625 0.940416
679.75 0.940465
679.875 0.94045
680 0.940553
680.125 0.940568
680.25 0.940635
680.375 0.940691
680.5 0.940704
680.625 0.940731
680.75 0.940806
680.875 0.940792
681 0.940913
681.125 0.940958
681.25 0.940987
681.375 0.941031
681.5 0.941022
681.625 0.941063
681.75 0.941173
681.875 0.941087
682 0.94125
682.125 0.941275
682.25 0.941286
682.375 0.941362
682.5 0.941316
682.625 0.941316
682.75 0.941383
682.875 0.941483
683 0.941558
683.125 0.941498
683.25 0.941667
683.375 0.94171
683.5 0.941616
683.625 0.94175
683.75 0.941809
683.875 0.941872
684 0.94183
684.125 0.941778
684.25 0.941944
684.375 0.941778
684.5 0.941994
684.625 0.942036
684.75 0.942034
684.875 0.942222
685 0.942149
685.125 0.942282
685.25 0.942347
685.375 0.942408
685.5 0.942184
685.625 0.942321
685.75 0.942515
685.875 0.942559
686 0.942559
686.125 0.942607
686.25 0.942547
686.375 0.942643
686.5 0.942493
686.625 0.942366
686.75 0.941704
686.875 0.821614
687 0.619999
687.125 0.634371
687.25 0.720433
687.375 0.718377
687.5 0.767374
687.625 0.702998
687.75 0.812019
687.875 0.808802
688 0.840237
688.125 0.804807
688.25 0.921786
688.375 0.941547
688.5 0.930868
688.625 0.861624
688.75 0.836696
688.875 0.813665
689 0.928616
689.125 0.71594
689.25 0.903237
689.375 0.828341
689.5 0.777395
689.625 0.933911
689.75 0.819197
689.875 0.797935
690 0.938243
690.125 0.867336
690.25 0.777441
690.375 0.938054
690.5 0.939585
690.625 0.812376
690.75 0.861164
690.875 0.941492
691 0.859284
691.125 0.851804
691.25 0.940587
691.375 0.941733
691.5 0.872216
691.625 0.871817
691.75 0.942818
691.875 0.94211
692 0.889214
692.125 0.889209
692.25 0.943659
692.375 0.942014
692.5 0.898969
692.625 0.900794
692.75 0.944139
692.875 0.939553
693 0.938011
693.125 0.88359
693.25 0.942585
693.375 0.93584
693.5 0.93858
693.625 0.923191
693.75 0.926974
693.875 0.945093
694 0.928906
694.125 0.933113
694.25 0.916693
694.375 0.920458
694.5 0.943282
694.625 0.931169
694.75 0.94585
694.875 0.935806
695 0.923479
695.125 0.932295
695.25 0.939806
695.375 0.943747
695.5 0.936714
695.625 0.941629
695.75 0.943634
695.875 0.915715
696 0.945295
696.125 0.932885
696.25 0.942265
696.375 0.930718
696.5 0.945984
696.625 0.941576
696.75 0.945246
696.875 0.946541
697 0.946452
697.125 0.94675
697.25 0.941384
697.375 0.94556
697.5 0.946397
697.625 0.946056
697.75 0.946741
697.875 0.94492
698 0.942981
698.125 0.94561
698.25 0.94672
698.375 0.941889
698.5 0.947234
698.625 0.945351
698.75 0.944376
698.875 0.933305
699 0.94388
699.125 0.929362
699.25 0.939026
699.375 0.94572
699.5 0.935604
699.625 0.937153
699.75 0.947432
699.875 0.947301
700 0.942137
700.125 0.930809
700.25 0.94669
700.375 0.945108
700.5 0.947128
700.625 0.932581
700.75 0.936997
700.875 0.944789
701 0.945359
701.125 0.943824
701.25 0.943227
701.375 0.940506
701.5 0.947302
701.625 0.946958
701.75 0.938725
701.875 0.929981
702 0.947382
702.125 0.944253
702.25 0.944314
702.375 0.947146
702.5 0.933584
702.625 0.945907
702.75 0.948036
702.875 0.935614
703 0.932992
703.125 0.946669
703.25 0.947737
703.375 0.948354
703.5 0.94881
703.625 0.948829
703.75 0.948533
703.875 0.94438
704 0.942162
704.125 0.934332
704.25 0.947505
704.375 0.946509
704.5 0.948176
704.625 0.947229
704.75 0.948926
704.875 0.945184
705 0.947812
705.125 0.948234
705.25 0.940561
705.375 0.946182
705.5 0.940741
705.625 0.94749
705.75 0.948868
705.875 0.943361
706 0.946606
706.125 0.94833
706.25 0.946515
706.375 0.947049
706.5 0.946028
706.625 0.947556
706.75 0.944649
706.875 0.9476
707 0.948172
707.125 0.948935
707.25 0.948989
707.375 0.94743
707.5 0.947649
707.625 0.948769
707.75 0.947595
707.875 0.949436
708 0.94463
708.125 0.944929
708.25 0.948451
708.375 0.949646
708.5 0.949284
708.625 0.949721
708.75 0.949251
708.875 0.949193
709 0.944976
709.125 0.949001
709.25 0.94922
709.375 0.949522
709.5 0.949291
709.625 0.948779
709.75 0.948657
709.875 0.949402
710 0.949101
710.125 0.947963
710.25 0.948568
710.375 0.948436
710.5 0.949719
710.625 0.949617
710.75 0.948695
710.875 0.948268
711 0.950101
711.125 0.948644
711.25 0.949881
711.375 0.948826
711.5 0.950686
711.625 0.9499
711.75 0.949457
711.875 0.950692
712 0.947709
712.125 0.949616
712.25 0.95079
712.375 0.950086
712.5 0.94974
712.625 0.950235
712.75 0.950262
712.875 0.950911
713 0.948231
713.125 0.948986
713.25 0.949202
713.375 0.949739
713.5 0.950652
713.625 0.94936
713.75 0.95092
713.875 0.949937
714 0.947806
714.125 0.950976
714.25 0.948899
714.375 0.950176
714.5 0.948219
714.625 0.950951
714.75 0.949662
714.875 0.949981
715 0.944956
715.125 0.949579
715.25 0.94513
715.375 0.948917
715.5 0.949921
715.625 0.950392
715.75 0.949589
715.875 0.947737
716 0.950023
716.125 0.943666
716.25 0.950879
716.375 0.946339
716.5 0.949146
716.625 0.940444
716.75 0.946041
716.875 0.93405
717 0.91269
717.125 0.943588
717.25 0.910977
717.375 0.944672
717.5 0.883403
717.625 0.921121
717.75 0.93357
717.875 0.891426
718 0.903689
718.125 0.943319
718.25 0.949282
718.375 0.873138
718.5 0.947993
718.625 0.833432
718.75 0.928171
718.875 0.821745
719 0.907931
719.125 0.947463
719.25 0.948058
719.375 0.838219
719.5 0.903187
719.625 0.906181
719.75 0.918559
719.875 0.932104
720 0.901331
720.125 0.947734
720.25 0.866345
720.375 0.880677
720.5 0.947153
720.625 0.866245
720.75 0.945543
720.875 0.866481
721 0.949528
721.125 0.924011
721.25 0.947243
721.375 0.942731
721.5 0.95227
721.625 0.950589
721.75 0.949513
721.875 0.928553
722 0.943615
722.125 0.949761
722.25 0.952048
722.375 0.952719
722.5 0.932483
722.625 0.93216
722.75 0.951689
722.875 0.947871
723 0.92172
723.125 0.952217
723.25 0.948068
723.375 0.932975
723.5 0.878263
723.625 0.855338
723.75 0.922122
723.875 0.931462
724 0.949342
724.125 0.939172
724.25 0.845043
724.375 0.95052
724.5 0.917773
724.625 0.892782
724.75 0.917704
724.875 0.930539
725 0.950717
725.125 0.938859
725.25 0.933477
725.375 0.919011
725.5 0.867828
725.625 0.913686
725.75 0.952317
725.875 0.937345
726 0.921522
726.125 0.946974
726.25 0.935077
726.375 0.932549
726.5 0.937579
726.625 0.908613
726.75 0.870445
726.875 0.95272
727 0.950192
727.125 0.940214
727.25 0.939963
727.375 0.952237
727.5 0.874135
727.625 0.950286
727.75 0.907975
727.875 0.887534
728 0.896464
728.125 0.941638
728.25 0.944184
728.375 0.939573
728.5 0.947879
728.625 0.954152
728.75 0.953111
728.875 0.938558
729 0.905014
729.125 0.94983
729.25 0.873908
729.375 0.928699
729.5 0.932087
729.625 0.942987
729.75 0.929824
729.875 0.949063
730 0.950467
730.125 0.939782
730.25 0.936841
730.375 0.941385
730.5 0.908573
730.625 0.901653
730.75 0.947227
730.875 0.954336
731 0.953478
731.125 0.906018
731.25 0.936818
731.375 0.947869
731.5 0.930552
731.625 0.951534
731.75 0.936571
731.875 0.935055
732 0.928179
732.125 0.930905
732.25 0.948673
732.375 0.954474
732.5 0.955163
732.625 0.942809
732.75 0.95525
732.875 0.943311
733 0.948087
733.125 0.954781
733.25 0.943682
733.375 0.955239
733.5 0.943876
733.625 0.941037
733.75 0.943217
733.875 0.955073
734 0.955992
734.125 0.954996
734.25 0.954072
734.375 0.953222
734.5 0.956057
734.625 0.94022
734.75 0.954135
734.875 0.955176
735 0.950479
735.125 0.942274
735.25 0.950405
735.375 0.956292
735.5 0.952587
735.625 0.951858
735.75 0.955817
735.875 0.946105
736 0.955706
736.125 0.953218
736.25 0.944501
736.375 0.951201
736.5 0.95466
736.625 0.946763
736.75 0.949053
736.875 0.955728
737 0.950189
737.125 0.944953
737.25 0.954406
737.375 0.952032
737.5 0.954987
737.625 0.954555
737.75 0.956751
737.875 0.954945
738 0.950754
738.125 0.956317
738.25 0.955906
738.375 0.953213
738.5 0.951035
738.625 0.948988
738.75 0.95683
738.875 0.956556
739 0.956193
739.125 0.95563
739.25 0.952313
739.375 0.94951
739.5 0.956278
739.625 0.956785
739.75 0.953463
739.875 0.950814
740 0.95618
740.125 0.956236
740.25 0.956801
740.375 0.956527
740.5 0.956977
740.625 0.956153
740.75 0.957048
740.875 0.955661
741 0.956108
741.125 0.957034
741.25 0.953384
741.375 0.956725
741.5 0.957289
741.625 0.956072
741.75 0.956506
741.875 0.956595
742 0.957273
742.125 0.957376
742.25 0.956367
742.375 0.956852
742.5 0.956839
742.625 0.956084
742.75 0.955855
742.875 0.957422
743 0.957134
743.125 0.957506
743.25 0.957571
743.375 0.95736
743.5 0.957457
743.625 0.957454
743.75 0.957443
743.875 0.957583
744 0.957399
744.125 0.957541
744.25 0.956711
744.375 0.957349
744.5 0.957655
744.625 0.957632
744.75 0.957613
744.875 0.957756
745 0.957764
745.125 0.957685
745.25 0.957695
745.375 0.95745
745.5 0.957772
745.625 0.957699
745.75 0.95762
745.875 0.957855
746 0.957557
746.125 0.957864
746.25 0.957844
746.375 0.957923
746.5 0.957954
746.625 0.957976
746.75 0.957972
746.875 0.95785
747 0.957925
747.125 0.95789
747.25 0.958045
747.375 0.958073
747.5 0.958091
747.625 0.958128
747.75 0.958115
747.875 0.958114
748 0.958112
748.125 0.958192
748.25 0.958191
748.375 0.958265
748.5 0.958282
748.625 0.958284
748.75 0.958348
748.875 0.958365
749 0.958394
749.125 0.9584
749.25 0.95844
749.375 0.958497
749.5 0.95847
749.625 0.958535
749.75 0.958555
749.875 0.958604
750 0.958658
750.125 0.958669
750.25 0.958705
750.375 0.958735
750.5 0.958729
750.625 0.958756
750.75 0.958829
750.875 0.958896
751 0.958908
751.125 0.958935
751.25 0.958984
751.375 0.959032
751.5 0.959065
751.625 0.959089
751.75 0.95908
751.875 0.959115
752 0.959182
752.125 0.959232
752.25 0.959259
752.375 0.959284
752.5 0.959316
752.625 0.959333
752.75 0.95938
752.875 0.959438
753 0.959463
753.125 0.959485
753.25 0.959515
753.375 0.959532
753.5 0.959578
753.625 0.959639
753.75 0.959665
753.875 0.959696
754 0.959713
754.125 0.95973
754.25 0.959774
754.375 0.95983
754.5 0.95986
754.625 0.95989
754.75 0.959911
754.875 0.959928
755 0.959954
755.125 0.960009
755.25 0.96004
755.375 0.960061
755.5 0.960098
755.625 0.960125
755.75 0.960142
755.875 0.960159
756 0.960198
756.125 0.960218
756.25 0.960268
756.375 0.960295
756.5 0.960321
756.625 0.960348
756.75 0.960372
756.875 0.960389
757 0.960405
757.125 0.960422
757.25 0.960457
757.375 0.960495
757.5 0.960511
757.625 0.96055
757.75 0.960558
757.875 0.960597
758 0.960623
758.125 0.960647
758.25 0.960649
758.375 0.96064
758.5 0.960654
758.625 0.960632
758.75 0.960532
758.875 0.960342
759 0.960011
759.125 0.959444
759.25 0.958458
759.375 0.956552
759.5 0.94768
759.625 0.594368
759.75 0.479783
759.875 0.464729
760 0.506349
760.125 0.413194
760.25 0.247416
760.375 0.315597
760.5 0.34599
760.625 0.211182
760.75 0.340099
760.875 0.313343
761 0.347677
761.125 0.342349
761.25 0.379337
761.375 0.45262
761.5 0.410324
761.625 0.785937
761.75 0.500931
761.875 0.711705
762 0.942126
762.125 0.933078
762.25 0.692916
762.375 0.721432
762.5 0.543704
762.625 0.41817
762.75 0.798577
762.875 0.491155
763 0.361871
763.125 0.785314
763.25 0.607334
763.375 0.319011
763.5 0.683749
763.625 0.827054
763.75 0.382163
763.875 0.445459
764 0.875139
764.125 0.537615
764.25 0.381554
764.375 0.830756
764.5 0.892946
764.625 0.489555
764.75 0.483114
764.875 0.899783
765 0.90586
765.125 0.537571
765.25 0.567516
765.375 0.929686
765.5 0.92766
765.625 0.618715
765.75 0.628813
765.875 0.940212
766 0.946047
766.125 0.702223
766.25 0.687366
766.375 0.942724
766.5 0.955905
766.625 0.915011
766.75 0.657158
766.875 0.89403
767 0.956744
767.125 0.957302
767.25 0.815879
767.375 0.810604
767.5 0.957288
767.625 0.960667
767.75 0.959078
767.875 0.859348
768 0.859278
768.125 0.960732
768.25 0.96142
768.375 0.961192
768.5 0.894454
768.625 0.893678
768.75 0.961028
768.875 0.960815
769 0.960538
769.125 0.919185
769.25 0.919134
769.375 0.960408
769.5 0.960216
769.625 0.960371
769.75 0.938763
769.875 0.937955
770 0.96049
770.125 0.960908
770.25 0.962129
770.375 0.960533
770.5 0.952221
770.625 0.951748
770.75 0.961983
770.875 0.962283
771 0.962298
771.125 0.962262
771.25 0.954329
771.375 0.96216
771.5 0.961521
771.625 0.961198
771.75 0.962373
771.875 0.960749
772 0.958539
772.125 0.962411
772.25 0.960947
772.375 0.960699
772.5 0.962452
772.625 0.961024
772.75 0.959904
772.875 0.962444
773 0.962451
773.125 0.961178
773.25 0.961033
773.375 0.962493
773.5 0.962378
773.625 0.961302
773.75 0.961367
773.875 0.962537
774 0.962538
774.125 0.961742
774.25 0.961666
774.375 0.962518
774.5 0.96253
774.625 0.96202
774.75 0.96199
774.875 0.962575
775 0.962579
775.125 0.962242
775.25 0.962216
775.375 0.962593
775.5 0.962586
775.625 0.962573
775.75 0.962376
775.875 0.962406
776 0.962618
776.125 0.962633
776.25 0.962648
776.375 0.962545
776.5 0.962558
776.625 0.962678
776.75 0.962688
776.875 0.962697
777 0.962636
777.125 0.962677
777.25 0.962727
777.375 0.962737
777.5 0.962748
777.625 0.962729
777.75 0.962694
777.875 0.962745
778 0.96276
778.125 0.962775
778.25 0.962789
778.375 0.962804
778.5 0.962819
778.625 0.962834
778.75 0.962849
778.875 0.962863
779 0.962878
779.125 0.962893
779.25 0.962908
779.375 0.962866
779.5 0.962894
779.625 0.962952
779.75 0.962971
779.875 0.963007
780 0.963044
780.125 0.963066
780.25 0.963087
780.375 0.963106
780.5 0.962925
780.625 0.96315
780.75 0.963174
780.875 0.963195
781 0.96321
781.125 0.963204
781.25 0.963216
781.375 0.963253
781.5 0.963268
781.625 0.963307
781.75 0.963353
781.875 0.963335
782 0.96335
782.125 0.963283
782.25 0.963395
782.375 0.963398
782.5 0.963479
782.625 0.963504
782.75 0.963493
782.875 0.963518
783 0.963532
783.125 0.96356
783.25 0.963646
783.375 0.963643
783.5 0.963559
783.625 0.963707
783.75 0.963743
783.875 0.963621
784 0.963729
784.125 0.963178
784.25 0.963607
784.375 0.963796
784.5 0.963921
784.625 0.963938
784.75 0.963702
784.875 0.962841
785 0.964019
785.125 0.963656
785.25 0.963857
785.375 0.964101
785.5 0.964106
785.625 0.962924
785.75 0.963497
785.875 0.964205
786 0.964079
786.125 0.964067
786.25 0.963717
786.375 0.963764
786.5 0.963434
786.625 0.962498
786.75 0.962825
786.875 0.960344
787 0.964172
787.125 0.964316
787.25 0.960416
787.375 0.964422
787.5 0.961858
787.625 0.964407
787.75 0.962453
787.875 0.957265
788 0.964505
788.125 0.964432
788.25 0.959117
788.375 0.963007
788.5 0.964598
788.625 0.964484
788.75 0.962008
788.875 0.95743
789 0.964072
789.125 0.961122
789.25 0.963436
789.375 0.956241
789.5 0.962814
789.625 0.958197
789.75 0.954043
789.875 0.955906
790 0.964863
790.125 0.964486
790.25 0.961191
790.375 0.950419
790.5 0.961081
790.625 0.963841
790.75 0.964976
790.875 0.964634
791 0.964062
791.125 0.948612
791.25 0.960472
791.375 0.963028
791.5 0.964932
791.625 0.965135
791.75 0.95902
791.875 0.963281
792 0.959942
792.125 0.96506
792.25 0.952218
792.375 0.964737
792.5 0.965031
792.625 0.956599
792.75 0.965072
792.875 0.965319
793 0.963508
793.125 0.94998
793.25 0.964392
793.375 0.962243
793.5 0.965112
793.625 0.965478
793.75 0.9655
793.875 0.964974
794 0.965508
794.125 0.964879
794.25 0.965491
794.375 0.963039
794.5 0.964953
794.625 0.965613
794.75 0.965468
794.875 0.964877
795 0.96182
795.125 0.965644
795.25 0.963907
795.375 0.962543
795.5 0.965634
795.625 0.962691
795.75 0.965663
795.875 0.964092
796 0.962085
796.125 0.957145
796.25 0.95301
796.375 0.960398
796.5 0.950002
796.625 0.960498
796.75 0.96465
796.875 0.965504
797 0.959257
797.125 0.963414
797.25 0.965276
797.375 0.95861
797.5 0.965569
797.625 0.963781
797.75 0.963917
797.875 0.964361
798 0.965282
798.125 0.96581
798.25 0.961511
798.375 0.965341
798.5 0.965587
798.625 0.957358
798.75 0.965767
798.875 0.962202
799 0.963872
799.125 0.965999
799.25 0.963117
799.375 0.96492
799.5 0.965443
799.625 0.963373
799.75 0.964958
799.875 0.964957
800 0.960267
800.125 0.9625
800.25 0.954271
800.375 0.964663
800.5 0.964712
800.625 0.964825
800.75 0.964705
800.875 0.964878
801 0.947348
801.125 0.966324
801.25 0.964916
801.375 0.965087
801.5 0.953327
801.625 0.961566
801.75 0.965201
801.875 0.965371
802 0.962419
802.125 0.966287
802.25 0.961102
802.375 0.963703
802.5 0.959595
802.625 0.96113
802.75 0.963711
802.875 0.963746
803 0.962379
803.125 0.957898
803.25 0.966389
803.375 0.964347
803.5 0.966328
803.625 0.957209
803.75 0.964528
803.875 0.95987
804 0.965778
804.125 0.962724
804.25 0.965823
804.375 0.965097
804.5 0.959856
804.625 0.959895
804.75 0.96016
804.875 0.965664
805 0.966813
805.125 0.965177
805.25 0.966619
805.375 0.966778
805.5 0.963196
805.625 0.965136
805.75 0.965814
805.875 0.966181
806 0.9669
806.125 0.963528
806.25 0.965809
806.375 0.966067
806.5 0.962598
806.625 0.966476
806.75 0.9644
806.875 0.966727
807 0.96639
807.125 0.966185
807.25 0.961167
807.375 0.965768
807.5 0.966766
807.625 0.966847
807.75 0.964487
807.875 0.96517
808 0.966745
808.125 0.963938
808.25 0.965526
808.375 0.965025
808.5 0.965728
808.625 0.966418
808.75 0.956845
808.875 0.96655
809 0.966433
809.125 0.965978
809.25 0.962386
809.375 0.965084
809.5 0.966536
809.625 0.96087
809.75 0.964955
809.875 0.959965
810 0.964572
810.125 0.961284
810.25 0.966858
810.375 0.962835
810.5 0.962709
810.625 0.966459
810.75 0.963973
810.875 0.963753
811 0.956997
811.125 0.963367
811.25 0.960244
811.375 0.96575
811.5 0.95886
811.625 0.946754
811.75 0.964619
811.875 0.966196
812 0.963185
812.125 0.958237
812.25 0.960345
812.375 0.958317
812.5 0.951431
812.625 0.962141
812.75 0.95431
812.875 0.957466
813 0.965823
813.125 0.96668
813.25 0.932911
813.375 0.955152
813.5 0.95757
813.625 0.907811
813.75 0.92713
813.875 0.947488
814 0.963745
814.125 0.960227
814.25 0.917172
814.375 0.919251
814.5 0.963335
814.625 0.935292
814.75 0.965622
814.875 0.933573
815 0.91704
815.125 0.921633
815.25 0.930235
815.375 0.965002
815.5 0.9212
815.625 0.894915
815.75 0.916967
815.875 0.963457
816 0.896376
816.125 0.963663
816.25 0.964902
816.375 0.84142
816.5 0.877649
816.625 0.850655
816.75 0.919964
816.875 0.962977
817 0.963968
817.125 0.87886
817.25 0.854126
817.375 0.964223
817.5 0.962467
817.625 0.962564
817.75 0.959738
817.875 0.842856
818 0.889073
818.125 0.883021
818.25 0.961439
818.375 0.893623
818.5 0.9504
818.625 0.96399
818.75 0.965063
818.875 0.902614
819 0.961562
819.125 0.834503
819.25 0.960799
819.375 0.963563
819.5 0.868973
819.625 0.958971
819.75 0.966639
819.875 0.964727
820 0.842701
820.125 0.945876
820.25 0.903149
820.375 0.96191
820.5 0.966988
820.625 0.96708
820.75 0.961515
820.875 0.967005
821 0.967461
821.125 0.958769
821.25 0.956322
821.375 0.952596
821.5 0.94885
821.625 0.96132
821.75 0.96627
821.875 0.966138
822 0.912217
822.125 0.964421
822.25 0.966144
822.375 0.933262
822.5 0.965177
822.625 0.91752
822.75 0.940159
822.875 0.852054
823 0.776463
823.125 0.861014
823.25 0.906497
823.375 0.804616
823.5 0.964018
823.625 0.894468
823.75 0.960845
823.875 0.960067
824 0.944083
824.125 0.965783
824.25 0.947637
824.375 0.966777
824.5 0.940666
824.625 0.893907
824.75 0.967635
824.875 0.965457
825 0.967832
825.125 0.966391
825.25 0.967514
825.375 0.967494
825.5 0.940181
825.625 0.967508
825.75 0.966376
825.875 0.866265
826 0.961568
826.125 0.956715
826.25 0.930507
826.375 0.966937
826.5 0.960298
826.625 0.938328
826.75 0.965761
826.875 0.968144
827 0.968556
827.125 0.963447
827.25 0.968117
827.375 0.931936
827.5 0.952375
827.625 0.870209
827.75 0.959832
827.875 0.908523
828 0.966587
828.125 0.937207
828.25 0.936722
828.375 0.896342
828.5 0.938998
828.625 0.968096
828.75 0.96793
828.875 0.966842
829 0.85169
829.125 0.930899
829.25 0.957866
829.375 0.966971
829.5 0.968559
829.625 0.879092
829.75 0.949851
829.875 0.965229
830 0.968259
830.125 0.96725
830.25 0.911846
830.375 0.967418
830.5 0.96765
830.625 0.934724
830.75 0.884769
830.875 0.966999
831 0.966604
831.125 0.967726
831.25 0.965562
831.375 0.935211
831.5 0.965176
831.625 0.959585
831.75 0.967515
831.875 0.940242
832 0.911772
832.125 0.964834
832.25 0.967408
832.375 0.848966
832.5 0.968294
832.625 0.969392
832.75 0.968777
832.875 0.963386
833 0.968263
833.125 0.957682
833.25 0.93857
833.375 0.967069
833.5 0.959314
833.625 0.94706
833.75 0.957859
833.875 0.966178
834 0.969055
834.125 0.913357
834.25 0.969323
834.375 0.965274
834.5 0.960495
834.625 0.967905
834.75 0.969444
834.875 0.9688
835 0.967437
835.125 0.951149
835.25 0.968314
835.375 0.969513
835.5 0.965564
835.625 0.956407
835.75 0.965537
835.875 0.957582
836 0.955766
836.125 0.967867
836.25 0.968458
836.375 0.961337
836.5 0.955272
836.625 0.969943
836.75 0.969859
836.875 0.966992
837 0.955751
837.125 0.969429
837.25 0.967058
837.375 0.969799
837.5 0.968367
837.625 0.957798
837.75 0.968297
837.875 0.956545
838 0.965324
838.125 0.969801
838.25 0.970354
838.375 0.968575
838.5 0.969771
838.625 0.964328
838.75 0.962263
838.875 0.966784
839 0.967223
839.125 0.968935
839.25 0.970149
839.375 0.970505
839.5 0.970451
839.625 0.964292
839.75 0.968311
839.875 0.969589
840 0.965335
840.125 0.970396
840.25 0.966795
840.375 0.970399
840.5 0.969681
840.625 0.968921
840.75 0.963171
840.875 0.970446
841 0.96887
841.125 0.960953
841.25 0.968156
841.375 0.969602
841.5 0.970619
841.625 0.969903
841.75 0.963872
841.875 0.97006
842 0.967998
842.125 0.965632
842.25 0.970335
842.375 0.970596
842.5 0.970501
842.625 0.970626
842.75 0.970582
842.875 0.97025
843 0.969044
843.125 0.970041
843.25 0.967756
843.375 0.96832
843.5 0.970186
843.625 0.970395
843.75 0.96985
843.875 0.964706
844 0.968269
844.125 0.970774
844.25 0.969577
844.375 0.970336
844.5 0.96816
844.625 0.970825
844.75 0.969408
844.875 0.96998
845 0.9707
845.125 0.970837
845.25 0.969951
845.375 0.970182
845.5 0.97022
845.625 0.970912
845.75 0.97093
845.875 0.970707
846 0.970813
846.125 0.971019
846.25 0.966949
846.375 0.970812
846.5 0.96998
846.625 0.970772
846.75 0.971077
846.875 0.971089
847 0.970944
847.125 0.970615
847.25 0.970844
847.375 0.971065
847.5 0.971101
847.625 0.970097
847.75 0.971053
847.875 0.971066
848 0.969726
848.125 0.970561
848.25 0.968306
848.375 0.97105
848.5 0.970513
848.625 0.971145
848.75 0.97116
848.875 0.968576
849 0.970595
849.125 0.970703
849.25 0.971171
849.375 0.969246
849.5 0.971087
849.625 0.970168
849.75 0.971138
849.875 0.969702
850 0.971059
850.125 0.970986
850.25 0.970039
850.375 0.971169
850.5 0.969805
850.625 0.971085
850.75 0.9705
850.875 0.969528
851 0.971212
851.125 0.971166
851.25 0.970606
851.375 0.967598
851.5 0.967097
851.625 0.970891
851.75 0.970989
851.875 0.970054
852 0.971008
852.125 0.970409
852.25 0.968135
852.375 0.971206
852.5 0.970043
852.625 0.971187
852.75 0.970792
852.875 0.970093
853 0.971283
853.125 0.971275
853.25 0.970362
853.375 0.970712
853.5 0.971323
853.625 0.971213
853.75 0.969768
853.875 0.969759
854 0.971281
854.125 0.971263
854.25 0.968794
854.375 0.969121
854.5 0.971403
854.625 0.971347
854.75 0.971423
854.875 0.970173
855 0.97114
855.125 0.971387
855.25 0.970984
855.375 0.971506
855.5 0.971357
855.625 0.96958
855.75 0.970796
855.875 0.97061
856 0.971568
856.125 0.971188
856.25 0.971521
856.375 0.971588
856.5 0.97086
856.625 0.971652
856.75 0.971665
856.875 0.971628
857 0.97167
857.125 0.970962
857.25 0.971397
857.375 0.970506
857.5 0.970632
857.625 0.971397
857.75 0.971454
857.875 0.971551
858 0.971764
858.125 0.971815
858.25 0.971799
858.375 0.97138
858.5 0.971731
858.625 0.971844
858.75 0.971894
858.875 0.971695
859 0.971833
859.125 0.971926
859.25 0.9713
859.375 0.971129
859.5 0.971766
859.625 0.972004
859.75 0.971877
859.875 0.972023
860 0.972031
860.125 0.972083
860.25 0.972054
860.375 0.971961
860.5 0.972124
860.625 0.972165
860.75 0.971939
860.875 0.972122
861 0.972055
861.125 0.972137
861.25 0.971768
861.375 0.972237
861.5 0.972209
861.625 0.972284
861.75 0.97221
861.875 0.972326
862 0.972267
862.125 0.972238
862.25 0.972173
862.375 0.972139
862.5 0.972282
862.625 0.972376
862.75 0.97218
862.875 0.972068
863 0.972285
863.125 0.972354
863.25 0.972428
863.375 0.972344
863.5 0.972413
863.625 0.972553
863.75 0.972445
863.875 0.972504
864 0.972525
864.125 0.972556
864.25 0.972616
864.375 0.972647
864.5 0.972659
864.625 0.972662
864.75 0.972606
864.875 0.972663
865 0.972711
865.125 0.97272
865.25 0.972683
865.375 0.972599
865.5 0.972749
865.625 0.972661
865.75 0.972768
865.875 0.972683
866 0.972841
866.125 0.972699
866.25 0.972712
866.375 0.972863
866.5 0.972897
866.625 0.972765
866.75 0.972762
866.875 0.972927
867 0.972916
867.125 0.972836
867.25 0.972872
867.375 0.972942
867.5 0.972998
867.625 0.973002
867.75 0.972893
867.875 0.972904
868 0.973035
868.125 0.973045
868.25 0.973004
868.375 0.973003
868.5 0.973073
868.625 0.973082
868.75 0.973092
868.875 0.973091
869 0.973092
869.125 0.972972
869.25 0.973063
869.375 0.973071
869.5 0.973149
869.625 0.973164
869.75 0.973213
869.875 0.973229
870 0.97322
870.125 0.973206
870.25 0.973236
870.375 0.973248
870.5 0.973256
870.625 0.973292
870.75 0.973278
870.875 0.973285
871 0.97321
871.125 0.973331
871.25 0.973312
871.375 0.973342
871.5 0.973347
871.625 0.973356
871.75 0.973396
871.875 0.973387
872 0.973405
872.125 0.973413
872.25 0.973444
872.375 0.973432
872.5 0.973466
872.625 0.973464
872.75 0.973476
872.875 0.973483
873 0.973504
873.125 0.97348
873.25 0.973523
873.375 0.973532
873.5 0.973541
873.625 0.97355
873.75 0.973354
873.875 0.973568
874 0.973563
874.125 0.973587
874.25 0.973596
874.375 0.973605
874.5 0.97355
874.625 0.973623
874.75 0.973632
874.875 0.973641
875 0.97365
875.125 0.973508
875.25 0.973669
875.375 0.973678
875.5 0.973687
875.625 0.973696
875.75 0.973705
875.875 0.973714
876 0.973708
876.125 0.97345
876.25 0.973727
876.375 0.973633
876.5 0.973759
876.625 0.973759
876.75 0.973772
876.875 0.973786
877 0.973737
877.125 0.973789
877.25 0.973643
877.375 0.973822
877.5 0.97381
877.625 0.973837
877.75 0.973849
877.875 0.973858
878 0.973867
878.125 0.973876
878.25 0.973241
878.375 0.973811
878.5 0.973721
878.625 0.973912
878.75 0.973765
878.875 0.973628
879 0.973812
879.125 0.973948
879.25 0.973957
879.375 0.973966
879.5 0.973681
879.625 0.973983
879.75 0.973992
879.875 0.974001
880 0.97401
880.125 0.974019
880.25 0.97326
880.375 0.974037
880.5 0.974
880.625 0.97287
880.75 0.97386
880.875 0.974072
881 0.974081
881.125 0.974026
881.25 0.974016
881.375 0.972512
881.5 0.974024
881.625 0.974125
881.75 0.974134
881.875 0.974143
882 0.974152
882.125 0.973133
882.25 0.972083
882.375 0.974135
882.5 0.973673
882.625 0.974196
882.75 0.974204
882.875 0.974213
883 0.974222
883.125 0.97423
883.25 0.974044
883.375 0.972474
883.5 0.974235
883.625 0.974255
883.75 0.973342
883.875 0.973547
884 0.974243
884.125 0.973657
884.25 0.974175
884.375 0.974303
884.5 0.97431
884.625 0.974316
884.75 0.974295
884.875 0.973402
885 0.974189
885.125 0.974342
885.25 0.974275
885.375 0.974223
885.5 0.972645
885.625 0.974358
885.75 0.974374
885.875 0.974286
886 0.968847
886.125 0.970112
886.25 0.974349
886.375 0.974412
886.5 0.974422
886.625 0.974426
886.75 0.974173
886.875 0.970952
887 0.974407
887.125 0.973475
887.25 0.974355
887.375 0.974461
887.5 0.973936
887.625 0.974486
887.75 0.974497
887.875 0.974496
888 0.973987
888.125 0.96581
888.25 0.973347
888.375 0.973874
888.5 0.972948
888.625 0.974542
888.75 0.974556
888.875 0.974413
889 0.974464
889.125 0.974454
889.25 0.974581
889.375 0.974595
889.5 0.974591
889.625 0.973571
889.75 0.97379
889.875 0.971412
890 0.97441
890.125 0.973132
890.25 0.972205
890.375 0.973063
890.5 0.974654
890.625 0.974674
890.75 0.974679
890.875 0.974614
891 0.971156
891.125 0.974668
891.25 0.974648
891.375 0.972837
891.5 0.97471
891.625 0.974727
891.75 0.974605
891.875 0.972605
892 0.96551
892.125 0.974413
892.25 0.970672
892.375 0.974164
892.5 0.974388
892.625 0.974635
892.75 0.974351
892.875 0.97205
893 0.973764
893.125 0.956649
893.25 0.95513
893.375 0.971829
893.5 0.972209
893.625 0.951116
893.75 0.973225
893.875 0.972259
894 0.974128
894.125 0.974733
894.25 0.953335
894.375 0.971057
894.5 0.9586
894.625 0.9707
894.75 0.974343
894.875 0.939649
895 0.966352
895.125 0.951457
895.25 0.97277
895.375 0.953673
895.5 0.942086
895.625 0.93736
895.75 0.887306
895.875 0.97155
896 0.969815
896.125 0.94826
896.25 0.973528
896.375 0.969592
896.5 0.85658
896.625 0.909551
896.75 0.887008
896.875 0.913179
897 0.973068
897.125 0.968642
897.25 0.97204
897.375 0.804461
897.5 0.947596
897.625 0.93783
897.75 0.913658
897.875 0.952485
898 0.973768
898.125 0.973115
898.25 0.83426
898.375 0.917334
898.5 0.97316
898.625 0.97234
898.75 0.971645
898.875 0.853274
899 0.757746
899.125 0.879357
899.25 0.933359
899.375 0.685332
899.5 0.885262
899.625 0.966939
899.75 0.971994
899.875 0.973687
900 0.972506
900.125 0.967984
900.25 0.75984
900.375 0.916105
900.5 0.968493
900.625 0.795392
900.75 0.969663
900.875 0.950566
901 0.856975
901.125 0.947038
901.25 0.971183
901.375 0.887082
901.5 0.912742
901.625 0.967676
901.75 0.970231
901.875 0.723105
902 0.902361
902.125 0.966862
902.25 0.970555
902.375 0.970138
902.5 0.816397
902.625 0.966572
902.75 0.945446
902.875 0.785503
903 0.971519
903.125 0.958563
903.25 0.958196
903.375 0.903083
903.5 0.969359
903.625 0.974286
903.75 0.964104
903.875 0.9747
904 0.97476
904.125 0.973745
904.25 0.953507
904.375 0.964929
904.5 0.899966
904.625 0.971671
904.75 0.974786
904.875 0.974515
905 0.95499
905.125 0.96671
905.25 0.974474
905.375 0.959221
905.5 0.893053
905.625 0.960737
905.75 0.973837
905.875 0.974137
906 0.9721
906.125 0.973091
906.25 0.907179
906.375 0.956934
906.5 0.918185
906.625 0.921373
906.75 0.969398
906.875 0.97258
907 0.96833
907.125 0.801543
907.25 0.954841
907.375 0.908258
907.5 0.836192
907.625 0.897352
907.75 0.953183
907.875 0.97394
908 0.974067
908.125 0.924172
908.25 0.834042
908.375 0.843729
908.5 0.971324
908.625 0.972554
908.75 0.959036
908.875 0.879956
909 0.811248
909.125 0.971699
909.25 0.922376
909.375 0.971823
909.5 0.914603
909.625 0.907382
909.75 0.926014
909.875 0.972386
910 0.970004
910.125 0.932438
910.25 0.764283
910.375 0.950726
910.5 0.973964
910.625 0.973336
910.75 0.866269
910.875 0.931917
911 0.872476
911.125 0.917824
911.25 0.96938
911.375 0.973743
911.5 0.966037
911.625 0.972436
911.75 0.964609
911.875 0.947213
912 0.886198
912.125 0.774909
912.25 0.964163
912.375 0.970545
912.5 0.974825
912.625 0.953838
912.75 0.954389
912.875 0.970081
913 0.939353
913.125 0.909178
913.25 0.813884
913.375 0.899276
913.5 0.93639
913.625 0.938578
913.75 0.911532
913.875 0.730368
914 0.89746
914.125 0.973269
914.25 0.956476
914.375 0.961893
914.5 0.96356
914.625 0.938888
914.75 0.959383
914.875 0.963603
915 0.968834
915.125 0.963451
915.25 0.929013
915.375 0.929193
915.5 0.821644
915.625 0.898574
915.75 0.852645
915.875 0.79946
916 0.963612
916.125 0.97167
916.25 0.927456
916.375 0.936466
916.5 0.957911
916.625 0.949469
916.75 0.970981
916.875 0.974631
917 0.912322
917.125 0.941577
917.25 0.966305
917.375 0.954251
917.5 0.918029
917.625 0.810074
917.75 0.847628
917.875 0.924666
918 0.918026
918.125 0.942065
918.25 0.971683
918.375 0.946611
918.5 0.968718
918.625 0.932369
918.75 0.852486
918.875 0.966515
919 0.970082
919.125 0.975365
919.25 0.959899
919.375 0.965245
919.5 0.929602
919.625 0.974794
919.75 0.878673
919.875 0.910926
920 0.973437
920.125 0.9656
920.25 0.974634
920.375 0.973773
920.5 0.976323
920.625 0.974288
920.75 0.959624
920.875 0.95249
921 0.946792
921.125 0.955546
921.25 0.97327
921.375 0.973027
921.5 0.945018
921.625 0.969474
921.75 0.913314
921.875 0.968251
922 0.884443
922.125 0.975676
922.25 0.971641
922.375 0.973467
922.5 0.957854
922.625 0.975551
922.75 0.921094
922.875 0.9755
923 0.97511
923.125 0.962003
923.25 0.947689
923.375 0.965268
923.5 0.952462
923.625 0.974455
923.75 0.929697
923.875 0.96711
924 0.948397
924.125 0.925317
924.25 0.957764
924.375 0.972601
924.5 0.95554
924.625 0.959736
924.75 0.927666
924.875 0.916888
925 0.974535
925.125 0.971652
925.25 0.957367
925.375 0.915381
925.5 0.968722
925.625 0.960872
925.75 0.959278
925.875 0.973079
926 0.970373
926.125 0.960509
926.25 0.921915
926.375 0.947235
926.5 0.947526
926.625 0.966307
926.75 0.974082
926.875 0.961685
927 0.973446
927.125 0.960003
927.25 0.961949
927.375 0.96944
927.5 0.934542
927.625 0.944781
927.75 0.953258
927.875 0.958896
928 0.947459
928.125 0.816449
928.25 0.873264
928.375 0.962191
928.5 0.947833
928.625 0.959142
928.75 0.838744
928.875 0.881931
929 0.945205
929.125 0.923733
929.25 0.942122
929.375 0.900559
929.5 0.949443
929.625 0.91526
929.75 0.787626
929.875 0.957383
930 0.803105
930.125 0.915818
930.25 0.841848
930.375 0.781261
930.5 0.914838
930.625 0.799418
930.75 0.914254
930.875 0.957841
931 0.788188
931.125 0.721796
931.25 0.627839
931.375 0.898177
931.5 0.936663
931.625 0.924458
931.75 0.764702
931.875 0.396873
932 0.692686
932.125 0.678459
932.25 0.910257
932.375 0.886466
932.5 0.75784
932.625 0.646271
932.75 0.443208
932.875 0.778012
933 0.687253
933.125 0.896043
933.25 0.899191
933.375 0.749559
933.5 0.911165
933.625 0.489428
933.75 0.592771
933.875 0.740186
934 0.782791
934.125 0.610141
934.25 0.675603
934.375 0.898081
934.5 0.369738
934.625 0.284794
934.75 0.481088
934.875 0.644901
935 0.895893
935.125 0.936562
935.25 0.882921
935.375 0.938781
935.5 0.789742
935.625 0.313721
935.75 0.58571
935.875 0.894771
936 0.413202
936.125 0.396507
936.25 0.907493
936.375 0.859842
936.5 0.933803
936.625 0.913975
936.75 0.60199
936.875 0.567134
937 0.863694
937.125 0.778932
937.25 0.560056
937.375 0.339867
937.5 0.776731
937.625 0.899202
937.75 0.845027
937.875 0.91029
938 0.452876
938.125 0.845507
938.25 0.719393
938.375 0.350049
938.5 0.818511
938.625 0.886413
938.75 0.944416
938.875 0.629896
939 0.566479
939.125 0.94872
939.25 0.963127
939.375 0.878075
939.5 0.920815
939.625 0.947429
939.75 0.925928
939.875 0.911956
940 0.963222
940.125 0.729358
940.25 0.830962
940.375 0.834985
940.5 0.890842
940.625 0.881362
940.75 0.898249
940.875 0.923645
941 0.87778
941.125 0.841129
941.25 0.643666
941.375 0.795671
941.5 0.929579
941.625 0.859964
941.75 0.954622
941.875 0.938349
942 0.589966
942.125 0.920417
942.25 0.942883
942.375 0.824992
942.5 0.79836
942.625 0.950533
942.75 0.925474
942.875 0.67782
943 0.415907
943.125 0.481935
943.25 0.798963
943.375 0.696663
943.5 0.945629
943.625 0.953079
943.75 0.95305
943.875 0.941484
944 0.536361
944.125 0.762861
944.25 0.734794
944.375 0.272263
944.5 0.771069
944.625 0.624111
944.75 0.865044
944.875 0.762559
945 0.960273
945.125 0.88318
945.25 0.801401
945.375 0.948194
945.5 0.944945
945.625 0.750792
945.75 0.655996
945.875 0.570389
946 0.899827
946.125 0.924668
946.25 0.480674
946.375 0.439718
946.5 0.917542
946.625 0.928868
946.75 0.824715
946.875 0.913755
947 0.85691
947.125 0.738657
947.25 0.67364
947.375 0.927682
947.5 0.948153
947.625 0.896806
947.75 0.624573
947.875 0.833413
948 0.938218
948.125 0.939313
948.25 0.565914
948.375 0.497289
948.5 0.596721
948.625 0.933348
948.75 0.93263
948.875 0.874424
949 0.864314
949.125 0.966703
949.25 0.938845
949.375 0.936021
949.5 0.92214
949.625 0.473479
949.75 0.628718
949.875 0.907352
950 0.62562
950.125 0.889011
950.25 0.692233
950.375 0.255516
950.5 0.80108
950.625 0.94984
950.75 0.923681
950.875 0.886757
951 0.949998
951.125 0.940491
951.25 0.958242
951.375 0.907229
951.5 0.91999
951.625 0.888231
951.75 0.901508
951.875 0.839669
952 0.502946
952.125 0.847834
952.25 0.734596
952.375 0.885822
952.5 0.405576
952.625 0.893902
952.75 0.747629
952.875 0.946012
953 0.849325
953.125 0.673706
953.25 0.856118
953.375 0.904239
953.5 0.940804
953.625 0.91376
953.75 0.933048
953.875 0.622179
954 0.958236
954.125 0.861343
954.25 0.955828
954.375 0.770656
954.5 0.947312
954.625 0.529252
954.75 0.730079
954.875 0.818416
955 0.941648
955.125 0.863734
955.25 0.91656
955.375 0.945757
955.5 0.936821
955.625 0.549136
955.75 0.828482
955.875 0.845283
956 0.611045
956.125 0.872784
956.25 0.966524
956.375 0.966169
956.5 0.776214
956.625 0.810669
956.75 0.713679
956.875 0.687891
957 0.85843
957.125 0.800217
957.25 0.922004
957.375 0.781506
957.5 0.944692
957.625 0.97071
957.75 0.966941
957.875 0.943073
958 0.905052
958.125 0.952365
958.25 0.683826
958.375 0.655558
958.5 0.886353
958.625 0.957284
958.75 0.957552
958.875 0.908373
959 0.881656
959.125 0.657718
959.25 0.748665
959.375 0.818056
959.5 0.704793
959.625 0.893835
959.75 0.8484
959.875 0.93363
960 0.857262
960.125 0.809421
960.25 0.934982
960.375 0.921914
960.5 0.9737
960.625 0.938792
960.75 0.662806
960.875 0.850654
961 0.92787
961.125 0.908221
961.25 0.832174
961.375 0.94953
961.5 0.969942
961.625 0.928339
961.75 0.781078
961.875 0.929026
962 0.952377
962.125 0.851744
962.25 0.856642
962.375 0.746325
962.5 0.796681
962.625 0.960446
962.75 0.878591
962.875 0.736515
963 0.96094
963.125 0.901266
963.25 0.954474
963.375 0.971418
963.5 0.974679
963.625 0.962072
963.75 0.956429
963.875 0.796533
964 0.663944
964.125 0.944043
964.25 0.9101
964.375 0.886989
964.5 0.969632
964.625 0.942393
964.75 0.788922
964.875 0.709494
965 0.96545
965.125 0.922564
965.25 0.946933
965.375 0.965362
965.5 0.887517
965.625 0.95333
965.75 0.916942
965.875 0.946758
966 0.90783
966.125 0.973099
966.25 0.919899
966.375 0.869759
966.5 0.742699
966.625 0.916966
966.75 0.866978
966.875 0.956013
967 0.912382
967.125 0.961783
967.25 0.86822
967.375 0.86114
967.5 0.9756
967.625 0.977992
967.75 0.975155
967.875 0.975755
968 0.976442
968.125 0.975824
968.25 0.833448
968.375 0.884595
968.5 0.949738
968.625 0.971892
968.75 0.974787
968.875 0.949965
969 0.976589
969.125 0.961889
969.25 0.968451
969.375 0.97113
969.5 0.929264
969.625 0.974472
969.75 0.956428
969.875 0.976151
970 0.97554
970.125 0.945892
970.25 0.948768
970.375 0.833802
970.5 0.966065
970.625 0.977953
970.75 0.968985
970.875 0.976813
971 0.977932
971.125 0.92001
971.25 0.974535
971.375 0.975494
971.5 0.969746
971.625 0.975187
971.75 0.83847
971.875 0.945323
972 0.975208
972.125 0.978283
972.25 0.974051
972.375 0.974911
972.5 0.968393
972.625 0.888403
972.75 0.905933
972.875 0.969529
973 0.959856
973.125 0.965312
973.25 0.971857
973.375 0.924869
973.5 0.977647
973.625 0.975614
973.75 0.857437
973.875 0.882847
974 0.873951
974.125 0.955817
974.25 0.976488
974.375 0.971797
974.5 0.966078
974.625 0.775213
974.75 0.964958
974.875 0.974667
975 0.972254
975.125 0.940821
975.25 0.8276
975.375 0.976211
975.5 0.973516
975.625 0.859498
975.75 0.961861
975.875 0.952991
976 0.809372
976.125 0.940758
976.25 0.973851
976.375 0.968226
976.5 0.86882
976.625 0.912326
976.75 0.949966
976.875 0.939265
977 0.977892
977.125 0.952986
977.25 0.978061
977.375 0.978557
977.5 0.976995
977.625 0.927129
977.75 0.966048
977.875 0.972153
978 0.941484
978.125 0.967731
978.25 0.920351
978.375 0.975131
978.5 0.830198
978.625 0.968999
978.75 0.977169
978.875 0.974309
979 0.938832
979.125 0.974272
979.25 0.970222
979.375 0.886295
979.5 0.961523
979.625 0.858647
979.75 0.965164
979.875 0.97632
980 0.977706
980.125 0.974165
980.25 0.914446
980.375 0.932197
980.5 0.911092
980.625 0.938447
980.75 0.974611
980.875 0.976529
981 0.979221
981.125 0.969661
981.25 0.976002
981.375 0.979024
981.5 0.970359
981.625 0.951154
981.75 0.977921
981.875 0.958641
982 0.958106
982.125 0.975713
982.25 0.979681
982.375 0.973365
982.5 0.964632
982.625 0.973183
982.75 0.938331
982.875 0.910656
983 0.975947
983.125 0.979455
983.25 0.978633
983.375 0.970446
983.5 0.939621
983.625 0.979362
983.75 0.979356
983.875 0.970715
984 0.978343
984.125 0.977473
984.25 0.973758
984.375 0.979534
984.5 0.953905
984.625 0.960258
984.75 0.974952
984.875 0.973726
985 0.974135
985.125 0.934977
985.25 0.974799
985.375 0.972229
985.5 0.977977
985.625 0.977794
985.75 0.977803
985.875 0.977932
986 0.974052
986.125 0.979843
986.25 0.979594
986.375 0.977421
986.5 0.98012
986.625 0.980046
986.75 0.978756
986.875 0.97535
987 0.975317
987.125 0.974328
987.25 0.969718
987.375 0.979104
987.5 0.979531
987.625 0.956382
987.75 0.976062
987.875 0.980163
988 0.979907
988.125 0.973799
988.25 0.9776
988.375 0.979669
988.5 0.980243
988.625 0.980118
988.75 0.978324
988.875 0.979315
989 0.979858
989.125 0.978903
989.25 0.979318
989.375 0.978878
989.5 0.979915
989.625 0.977638
989.75 0.977419
989.875 0.977504
990 0.977049
990.125 0.972601
990.25 0.972977
990.375 0.976427
990.5 0.979433
990.625 0.980146
990.75 0.978684
990.875 0.980039
991 0.979927
991.125 0.976006
991.25 0.978342
991.375 0.979726
991.5 0.979569
991.625 0.979901
991.75 0.979247
991.875 0.979594
992 0.980292
992.125 0.980083
992.25 0.976971
992.375 0.979582
992.5 0.980088
992.625 0.979245
992.75 0.980141
992.875 0.97166
993 0.973699
993.125 0.978203
993.25 0.979636
993.375 0.978766
993.5 0.980035
993.625 0.980346
993.75 0.978977
993.875 0.979686
994 0.980424
994.125 0.980422
994.25 0.978975
994.375 0.978588
994.5 0.980304
994.625 0.980421
994.75 0.980422
994.875 0.980413
995 0.980296
995.125 0.980486
995.25 0.980282
995.375 0.979075
995.5 0.979866
995.625 0.980285
995.75 0.98037
995.875 0.979336
996 0.978912
996.125 0.980309
996.25 0.980563
996.375 0.980381
996.5 0.980276
996.625 0.980589
996.75 0.980466
996.875 0.980185
997 0.97798
997.125 0.98054
997.25 0.980191
997.375 0.980427
997.5 0.98063
997.625 0.980635
997.75 0.980395
997.875 0.980564
998 0.977225
998.125 0.980465
998.25 0.980662
998.375 0.980667
998.5 0.980673
998.625 0.97963
998.75 0.979457
998.875 0.980253
999 0.980576
999.125 0.979531
999.25 0.980573
999.375 0.980613
999.5 0.97965
999.625 0.977415
999.75 0.980296
999.875 0.980747
1000 0.98005
